"","ACE","ACSF2","ADAMTS12","ADCY4","ALDH1L1","ANK1","ANKH","ANXA2","ATOH1","BICC1","BMP7","BOLA3","CA3","CAV1","CBX5","CCDC8","CCK","CD44","CDH23","CFTR","CLIP4","CNN3","CUL1","CXCL1","CYP1A1","DCTN1","DDIT4L","DSE","DTNA","DUOX1","E2F8","EFS","EGFLAM","ENPP2","EYA4","FBN1","FBN2","FBXO17","FBXO30","FCER1A","FGF11","FGF8","FJX1","FLOT1","GCNT2","GFRA3","GIT1","GLI3","GPR88","GPX3","GREM1","GRHL3","GSX2","HAAO","HAPLN3","HDAC9","HES5","HIF3A","HSF4","ICAM4","IFNGR2","IGFBP4","ITIH5","JDP2","KLK13","LAMA2","LDB1","LPAR1","LRP4","LUZP1","MARVELD1","MFAP4","MIR9-1","NAT8L","NDRG2","NEU1","NFATC3","NIPAL4","NKX2-6","NUAK1","OR4K2","PACSIN3","PDE4B","PDGFRB","PDLIM4","PDPN","PDZD7","PER1","PFKP","PLTP","PON3","PPT2","PROM1","PYCARD","RAPGEFL1","RARRES1","RASSF5","RBP1","REC8","RNF152","SEMA5A","SERPINA12","SFXN5","SGIP1","SIX2","SLC13A3","SLC17A8","SLC25A39","SLC2A2","SLC4A11","SLC6A3","SLCO4C1","SLFN11","SNORD123","SOSTDC1","SPRY4","TAC1","TET2","TUBA4B","TXNRD1","UFSP1","VIPR2","VWCE","WFDC5","WIPF1","ZNF577","ATP5G2","C11orf93","C11orf95","C3orf63","C7orf16","CUGBP2","H2AFY","MYCL1"
"ACE",0,0.896,0.712,0.858,0.836,0.84,0.714,0.737,0.723,0.817,0.595,0.74,0.85,0.575,0.869,0.905,0.755,0.7,0.744,0.725,0.815,0.872,0.728,0.721,0.643,0.759,0.637,0.883,0.811,0.686,0.753,0.831,0.902,0.708,0.754,0.725,0.773,0.872,0.516,0.838,0.772,0.552,0.851,0.717,0.669,0.768,0.706,0.622,0.815,0.845,0.676,0.72,0.73,0.81,0.777,0.692,0.661,0.766,0.855,0.872,0.829,0.78,0.603,0.846,0.848,0.718,0.695,0.68,0.687,0.873,0.83,0.825,0.715,0.588,0.739,0.903,0.782,0.934,0.716,0.755,0.861,0.809,0.74,0.636,0.815,0.696,0.832,0.721,0.866,0.804,0.787,0.914,0.808,0.679,0.8,0.577,0.784,0.86,0.756,0.816,0.712,0.844,0.83,0.792,0.665,0.859,0.761,0.882,0.818,0.792,0.701,0.801,0.802,0.631,0.771,0.765,0.771,0.719,0.791,0.764,0.62,0.826,0.587,0.914,0.829,0.654,0.924,0.709,0.648,0.817,0.8,0.813,0.732,0.875
"ACSF2",0.896,0,0.877,0.789,0.672,0.89,0.852,0.892,0.898,0.952,0.929,0.815,0.684,0.896,0.858,0.892,0.901,0.892,0.926,0.915,0.897,0.877,0.836,0.906,0.688,0.902,0.917,0.746,0.895,0.843,0.873,0.854,0.913,0.802,0.842,0.928,0.928,0.789,0.751,0.924,0.884,0.931,0.877,0.905,0.886,0.912,0.893,0.927,0.917,0.824,0.918,0.894,0.912,0.684,0.884,0.896,0.91,0.833,0.844,0.833,0.919,0.862,0.825,0.854,0.767,0.903,0.878,0.917,0.907,0.962,0.829,0.874,0.877,0.512,0.893,0.76,0.847,0.943,0.898,0.847,0.907,0.891,0.871,0.883,0.906,0.916,0.919,0.894,0.689,0.825,0.744,0.653,0.944,0.896,0.914,0.879,0.878,0.718,0.856,0.816,0.919,0.75,0.905,0.926,0.906,0.952,0.946,0.844,0.834,0.919,0.915,0.886,0.862,0.665,0.935,0.917,0.909,0.804,0.846,0.853,0.816,0.871,0.952,0.959,0.856,0.8,0.753,0.819,0.828,0.905,0.876,0.765,0.841,0.853
"ADAMTS12",0.712,0.877,0,0.776,0.839,0.753,0.751,0.683,0.655,0.765,0.628,0.743,0.851,0.698,0.806,0.851,0.714,0.51,0.772,0.783,0.584,0.748,0.621,0.64,0.72,0.771,0.159,0.812,0.781,0.668,0.751,0.641,0.741,0.697,0.688,0.599,0.707,0.718,0.516,0.787,0.72,0.648,0.823,0.726,0.635,0.678,0.708,0.633,0.803,0.801,0.589,0.746,0.688,0.824,0.694,0.71,0.613,0.803,0.829,0.772,0.731,0.689,0.603,0.761,0.78,0.628,0.67,0.675,0.695,0.861,0.788,0.716,0.652,0.588,0.705,0.896,0.767,0.934,0.726,0.651,0.807,0.763,0.691,0.638,0.794,0.642,0.805,0.727,0.763,0.811,0.785,0.919,0.817,0.671,0.753,0.635,0.758,0.905,0.789,0.731,0.658,0.795,0.863,0.857,0.626,0.918,0.854,0.901,0.849,0.802,0.781,0.796,0.795,0.631,0.61,0.601,0.72,0.673,0.802,0.712,0.699,0.736,0.833,0.904,0.777,0.815,0.911,0.84,0.849,0.83,0.759,0.854,0.766,0.86
"ADCY4",0.858,0.789,0.776,0,0.834,0.56,0.875,0.832,0.755,0.781,0.842,0.742,0.834,0.788,0.745,0.835,0.529,0.746,0.847,0.837,0.866,0.845,0.66,0.511,0.836,0.85,0.447,0.845,0.468,0.734,0.836,0.418,0.806,0.808,0.804,0.691,0.627,0.874,0.901,0.578,0.439,0.832,0.662,0.725,0.699,0.569,0.687,0.835,0.552,0.799,0.735,0.839,0.727,0.749,0.836,0.845,0.763,0.819,0.852,0.795,0.559,0.455,0.899,0.8,0.908,0.742,0.767,0.625,0.808,0.953,0.784,0.813,0.742,0.844,0.567,0.927,0.692,0.929,0.821,0.505,0.369,0.816,0.6,0.676,0.843,0.75,0.888,0.736,0.774,0.861,0.84,0.789,0.908,0.717,0.41,0.651,0.529,0.896,0.868,0.765,0.721,0.786,0.877,0.852,0.853,0.935,0.891,0.865,0.873,0.855,0.877,0.85,0.785,0.785,0.714,0.715,0.608,0.797,0.808,0.464,0.782,0.276,0.881,0.898,0.804,0.783,0.756,0.788,0.798,0.896,0.443,0.856,0.823,0.844
"ALDH1L1",0.836,0.672,0.839,0.834,0,0.842,0.798,0.857,0.862,0.91,0.886,0.703,0.472,0.86,0.843,0.851,0.834,0.844,0.844,0.865,0.84,0.819,0.782,0.851,0.73,0.837,0.885,0.755,0.838,0.713,0.837,0.788,0.871,0.805,0.81,0.874,0.878,0.79,0.708,0.875,0.826,0.88,0.822,0.865,0.837,0.865,0.861,0.884,0.851,0.728,0.882,0.854,0.879,0.63,0.819,0.859,0.871,0.81,0.851,0.764,0.87,0.826,0.768,0.832,0.794,0.847,0.838,0.857,0.846,0.923,0.751,0.78,0.845,0.597,0.835,0.803,0.822,0.903,0.85,0.807,0.871,0.839,0.852,0.86,0.842,0.865,0.869,0.858,0.683,0.827,0.67,0.802,0.906,0.857,0.865,0.819,0.843,0.764,0.836,0.775,0.87,0.74,0.845,0.867,0.855,0.906,0.889,0.818,0.82,0.853,0.86,0.818,0.814,0.724,0.891,0.895,0.842,0.726,0.709,0.78,0.533,0.814,0.877,0.927,0.777,0.819,0.84,0.863,0.873,0.879,0.824,0.796,0.815,0.858
"ANK1",0.84,0.89,0.753,0.56,0.842,0,0.803,0.695,0.793,0.851,0.817,0.739,0.833,0.708,0.709,0.643,0.7,0.74,0.842,0.708,0.358,0.671,0.71,0.562,0.849,0.636,0.365,0.904,0.646,0.77,0.828,0.588,0.76,0.726,0.735,0.753,0.739,0.908,0.876,0.612,0.631,0.814,0.758,0.634,0.733,0.724,0.655,0.823,0.699,0.823,0.738,0.828,0.781,0.856,0.806,0.846,0.744,0.852,0.885,0.769,0.659,0.552,0.943,0.746,0.946,0.716,0.748,0.644,0.707,0.946,0.752,0.715,0.733,0.871,0.668,0.945,0.795,0.848,0.809,0.599,0.68,0.56,0.709,0.671,0.703,0.736,0.748,0.721,0.852,0.803,0.717,0.951,0.895,0.694,0.66,0.608,0.655,0.866,0.793,0.781,0.701,0.837,0.75,0.722,0.814,0.812,0.774,0.792,0.811,0.714,0.812,0.709,0.743,0.881,0.735,0.777,0.687,0.743,0.653,0.605,0.704,0.513,0.862,0.922,0.685,0.818,0.849,0.856,0.864,0.804,0.689,0.87,0.763,0.899
"ANKH",0.714,0.852,0.751,0.875,0.798,0.803,0,0.756,0.715,0.788,0.675,0.678,0.846,0.716,0.881,0.897,0.79,0.768,0.649,0.635,0.8,0.833,0.725,0.765,0.702,0.682,0.858,0.891,0.854,0.757,0.761,0.831,0.911,0.765,0.745,0.7,0.703,0.913,0.704,0.856,0.73,0.664,0.81,0.776,0.717,0.718,0.679,0.653,0.782,0.871,0.724,0.702,0.751,0.721,0.68,0.737,0.717,0.788,0.84,0.844,0.879,0.837,0.637,0.857,0.867,0.724,0.716,0.734,0.685,0.819,0.771,0.833,0.773,0.525,0.762,0.922,0.787,0.846,0.719,0.813,0.885,0.797,0.8,0.761,0.766,0.755,0.77,0.775,0.826,0.756,0.744,0.895,0.776,0.795,0.777,0.781,0.86,0.775,0.808,0.846,0.755,0.875,0.706,0.767,0.673,0.763,0.575,0.787,0.723,0.578,0.651,0.68,0.836,0.47,0.772,0.775,0.789,0.744,0.753,0.742,0.533,0.846,0.863,0.936,0.823,0.749,0.843,0.798,0.812,0.804,0.772,0.845,0.764,0.874
"ANXA2",0.737,0.892,0.683,0.832,0.857,0.695,0.756,0,0.644,0.854,0.649,0.774,0.872,0.66,0.737,0.83,0.785,0.699,0.754,0.712,0.584,0.758,0.762,0.774,0.816,0.724,0.764,0.866,0.823,0.781,0.651,0.782,0.78,0.758,0.71,0.723,0.765,0.875,0.797,0.833,0.76,0.677,0.85,0.578,0.719,0.756,0.732,0.643,0.852,0.886,0.613,0.636,0.684,0.834,0.726,0.712,0.582,0.684,0.759,0.78,0.853,0.769,0.868,0.701,0.887,0.684,0.567,0.706,0.66,0.88,0.825,0.729,0.694,0.831,0.768,0.935,0.702,0.87,0.668,0.739,0.854,0.65,0.778,0.661,0.806,0.688,0.809,0.692,0.891,0.77,0.811,0.922,0.827,0.708,0.79,0.754,0.787,0.884,0.785,0.823,0.698,0.808,0.788,0.751,0.648,0.851,0.779,0.838,0.838,0.748,0.77,0.783,0.775,0.473,0.797,0.815,0.847,0.655,0.805,0.774,0.666,0.808,0.913,0.947,0.802,0.161,0.853,0.074,0.356,0.789,0.804,0.814,0.702,0.777
"ATOH1",0.723,0.898,0.655,0.755,0.862,0.793,0.715,0.644,0,0.691,0.505,0.792,0.88,0.717,0.78,0.88,0.542,0.635,0.734,0.777,0.811,0.747,0.663,0.569,0.748,0.699,0.509,0.868,0.782,0.697,0.582,0.685,0.873,0.729,0.579,0.588,0.597,0.917,0.787,0.802,0.568,0.5,0.765,0.688,0.604,0.419,0.617,0.468,0.806,0.885,0.573,0.498,0.412,0.833,0.552,0.594,0.425,0.6,0.634,0.848,0.784,0.738,0.859,0.652,0.922,0.547,0.457,0.553,0.57,0.764,0.723,0.834,0.683,0.807,0.618,0.947,0.636,0.941,0.428,0.739,0.826,0.834,0.73,0.601,0.717,0.581,0.629,0.723,0.893,0.833,0.846,0.926,0.701,0.717,0.585,0.671,0.736,0.918,0.764,0.783,0.495,0.85,0.869,0.849,0.522,0.925,0.765,0.887,0.9,0.827,0.767,0.738,0.817,0.442,0.605,0.642,0.792,0.626,0.827,0.715,0.704,0.723,0.896,0.947,0.823,0.161,0.911,0.074,0.356,0.733,0.594,0.846,0.702,0.605
"BICC1",0.817,0.952,0.765,0.781,0.91,0.851,0.788,0.854,0.691,0,0.66,0.83,0.925,0.826,0.908,0.917,0.7,0.797,0.819,0.855,0.937,0.86,0.711,0.687,0.874,0.834,0.246,0.958,0.777,0.781,0.747,0.792,0.922,0.909,0.649,0.535,0.616,0.957,0.963,0.821,0.558,0.657,0.682,0.855,0.715,0.536,0.747,0.634,0.816,0.918,0.657,0.69,0.661,0.942,0.621,0.759,0.693,0.797,0.782,0.896,0.809,0.663,0.961,0.869,0.954,0.691,0.748,0.734,0.614,0.573,0.734,0.91,0.768,0.956,0.679,0.962,0.824,0.959,0.654,0.774,0.812,0.902,0.846,0.733,0.547,0.762,0.792,0.82,0.938,0.933,0.894,0.962,0.644,0.86,0.589,0.719,0.835,0.951,0.844,0.87,0.709,0.886,0.921,0.852,0.636,0.943,0.834,0.942,0.931,0.925,0.847,0.864,0.874,0.958,0.485,0.514,0.816,0.808,0.824,0.732,0.739,0.704,0.942,0.94,0.904,0.929,0.961,0.941,0.914,0.801,0.588,0.93,0.877,0.841
"BMP7",0.595,0.929,0.628,0.842,0.886,0.817,0.675,0.649,0.505,0.66,0,0.792,0.901,0.6,0.83,0.881,0.711,0.583,0.71,0.714,0.796,0.764,0.652,0.64,0.69,0.694,0.136,0.926,0.816,0.666,0.62,0.81,0.876,0.791,0.628,0.533,0.574,0.933,0.84,0.843,0.66,0.401,0.785,0.648,0.541,0.622,0.629,0.437,0.83,0.878,0.481,0.585,0.589,0.876,0.651,0.598,0.453,0.704,0.718,0.859,0.835,0.765,0.805,0.741,0.942,0.591,0.536,0.584,0.565,0.753,0.781,0.84,0.625,0.852,0.662,0.956,0.714,0.954,0.55,0.754,0.851,0.856,0.775,0.563,0.716,0.601,0.765,0.705,0.887,0.874,0.852,0.946,0.715,0.676,0.675,0.437,0.809,0.935,0.76,0.837,0.577,0.852,0.88,0.836,0.508,0.933,0.778,0.923,0.91,0.829,0.714,0.799,0.816,0.569,0.579,0.608,0.804,0.675,0.831,0.706,0.533,0.806,0.865,0.946,0.862,0.161,0.942,0,0,0.7,0.678,0.885,0.653,0.771
"BOLA3",0.74,0.815,0.743,0.742,0.703,0.739,0.678,0.774,0.792,0.83,0.792,0,0.749,0.75,0.798,0.793,0.711,0.761,0.685,0.785,0.751,0.776,0.711,0.717,0.755,0.717,0.728,0.779,0.732,0.736,0.789,0.704,0.779,0.757,0.723,0.771,0.766,0.821,0.708,0.778,0.725,0.782,0.795,0.764,0.728,0.771,0.693,0.782,0.723,0.803,0.783,0.764,0.806,0.721,0.765,0.779,0.763,0.783,0.861,0.74,0.758,0.706,0.735,0.772,0.669,0.742,0.729,0.737,0.773,0.881,0.718,0.714,0.76,0.704,0.734,0.865,0.763,0.866,0.762,0.677,0.785,0.761,0.789,0.769,0.764,0.751,0.823,0.76,0.797,0.783,0.75,0.842,0.841,0.774,0.754,0.589,0.736,0.765,0.802,0.757,0.776,0.804,0.798,0.761,0.779,0.846,0.784,0.831,0.77,0.703,0.781,0.76,0.732,0.633,0.791,0.828,0.7,0.733,0.56,0.559,0,0.689,0.74,0.898,0.675,0.823,0.873,0.861,0.87,0.829,0.762,0.768,0.776,0.866
"CA3",0.85,0.684,0.851,0.834,0.472,0.833,0.846,0.872,0.88,0.925,0.901,0.749,0,0.857,0.838,0.85,0.855,0.852,0.851,0.885,0.84,0.816,0.801,0.75,0.714,0.853,0.885,0.783,0.836,0.762,0.853,0.788,0.864,0.8,0.845,0.894,0.9,0.823,0.708,0.856,0.829,0.893,0.829,0.88,0.875,0.874,0.85,0.904,0.854,0.753,0.894,0.886,0.894,0.73,0.842,0.873,0.883,0.822,0.876,0.755,0.614,0.821,0.862,0.846,0.862,0.864,0.86,0.875,0.875,0.936,0.749,0.808,0.871,0.597,0.851,0.862,0.848,0.91,0.868,0.809,0.85,0.856,0.842,0.865,0.86,0.868,0.873,0.863,0.71,0.877,0.724,0.861,0.915,0.815,0.869,0.819,0.837,0.789,0.852,0.772,0.864,0.826,0.866,0.84,0.877,0.922,0.914,0.87,0.869,0.879,0.879,0.84,0.764,0.724,0.903,0.9,0.838,0.785,0.738,0.788,0.716,0.808,0.35,0.554,0.574,0.839,0.856,0.873,0.881,0.893,0.822,0.83,0.856,0.895
"CAV1",0.575,0.896,0.698,0.788,0.86,0.708,0.716,0.66,0.717,0.826,0.6,0.75,0.857,0,0.817,0.881,0.752,0.662,0.759,0.697,0.542,0.851,0.724,0.68,0.716,0.75,0.202,0.906,0.762,0.718,0.744,0.767,0.858,0.734,0.742,0.689,0.732,0.898,0.441,0.778,0.729,0.588,0.842,0.559,0.678,0.737,0.694,0.616,0.787,0.865,0.601,0.741,0.714,0.81,0.819,0.7,0.623,0.784,0.845,0.86,0.755,0.692,0.805,0.791,0.911,0.711,0.656,0.614,0.668,0.92,0.839,0.81,0.651,0.683,0.688,0.943,0.769,0.912,0.696,0.699,0.805,0.747,0.686,0.597,0.854,0.68,0.814,0.68,0.866,0.783,0.788,0.936,0.854,0.552,0.764,0.204,0.717,0.85,0.834,0.796,0.674,0.791,0.806,0.802,0.687,0.867,0.779,0.864,0.85,0.727,0.731,0.795,0.801,0.569,0.728,0.766,0.746,0.757,0.819,0.708,0.62,0.745,0.35,0.925,0.818,0.192,0.906,0.299,0.069,0.825,0.767,0.843,0.702,0.869
"CBX5",0.869,0.858,0.806,0.745,0.843,0.709,0.881,0.737,0.78,0.908,0.83,0.798,0.838,0.817,0,0.735,0.81,0.808,0.872,0.848,0.558,0.748,0.825,0.733,0.826,0.776,0.776,0.82,0.812,0.794,0.617,0.765,0.799,0.841,0.644,0.86,0.866,0.83,0.883,0.819,0.798,0.878,0.862,0.741,0.837,0.832,0.84,0.833,0.829,0.811,0.789,0.708,0.779,0.813,0.86,0.689,0.782,0.55,0.424,0.807,0.806,0.752,0.923,0.339,0.88,0.851,0.623,0.818,0.834,0.958,0.8,0.732,0.752,0.891,0.774,0.928,0.453,0.938,0.766,0.658,0.807,0.719,0.818,0.816,0.806,0.84,0.892,0.587,0.853,0.852,0.82,0.864,0.934,0.768,0.819,0.817,0.806,0.904,0.72,0.816,0.84,0.78,0.878,0.87,0.799,0.942,0.931,0.853,0.901,0.846,0.883,0.862,0.411,0.669,0.87,0.839,0.801,0.567,0.729,0.759,0.731,0.748,0.866,0.88,0.741,0.192,0.858,0.302,0,0.733,0.821,0.769,0.634,0.579
"CCDC8",0.905,0.892,0.851,0.835,0.851,0.643,0.897,0.83,0.88,0.917,0.881,0.793,0.85,0.881,0.735,0,0.832,0.862,0.889,0.891,0.18,0.638,0.817,0.788,0.886,0.687,0.843,0.908,0.823,0.873,0.83,0.779,0.751,0.862,0.803,0.885,0.883,0.924,0.888,0.873,0.808,0.875,0.839,0.849,0.875,0.856,0.833,0.906,0.865,0.866,0.876,0.877,0.889,0.89,0.846,0.901,0.873,0.883,0.904,0.768,0.864,0.804,0.947,0.774,0.945,0.831,0.847,0.856,0.85,0.946,0.737,0.754,0.868,0.881,0.847,0.942,0.902,0.916,0.871,0.809,0.839,0.664,0.878,0.842,0.711,0.856,0.888,0.864,0.876,0.878,0.863,0.948,0.917,0.882,0.853,0.789,0.828,0.918,0.804,0.868,0.86,0.905,0.876,0.85,0.881,0.927,0.917,0.933,0.903,0.883,0.923,0.848,0.757,0.893,0.887,0.898,0.864,0.792,0.422,0.77,0.747,0.782,0.928,0.946,0.705,0.909,0.906,0.925,0.929,0.894,0.841,0.884,0.841,0.91
"CCK",0.755,0.901,0.714,0.529,0.834,0.7,0.79,0.785,0.542,0.7,0.711,0.711,0.855,0.752,0.81,0.832,0,0.684,0.707,0.807,0.845,0.782,0.688,0.546,0.817,0.753,0.365,0.911,0.597,0.725,0.77,0.485,0.828,0.73,0.695,0.671,0.662,0.907,0.876,0.683,0.504,0.685,0.735,0.683,0.661,0.336,0.604,0.698,0.598,0.834,0.695,0.756,0.599,0.869,0.654,0.758,0.641,0.822,0.805,0.805,0.647,0.558,0.904,0.779,0.925,0.59,0.683,0.591,0.635,0.814,0.74,0.803,0.727,0.871,0.599,0.931,0.717,0.906,0.725,0.603,0.648,0.812,0.668,0.628,0.758,0.665,0.699,0.737,0.857,0.843,0.809,0.929,0.75,0.716,0.509,0.608,0.683,0.897,0.813,0.79,0.566,0.829,0.856,0.723,0.737,0.883,0.826,0.893,0.866,0.825,0.812,0.757,0.775,0.881,0.636,0.659,0.638,0.774,0.717,0.605,0.533,0.486,0.862,0.907,0.798,0.818,0.909,0.856,0.864,0.825,0.55,0.867,0.81,0.818
"CD44",0.7,0.892,0.51,0.746,0.844,0.74,0.768,0.699,0.635,0.797,0.583,0.761,0.852,0.662,0.808,0.862,0.684,0,0.703,0.78,0.779,0.702,0.666,0.604,0.77,0.769,0.344,0.859,0.74,0.672,0.766,0.537,0.789,0.612,0.707,0.584,0.696,0.862,0.747,0.747,0.699,0.576,0.807,0.648,0.555,0.653,0.734,0.628,0.78,0.837,0.609,0.752,0.697,0.844,0.655,0.694,0.6,0.782,0.858,0.652,0.675,0.658,0.339,0.819,0.897,0.57,0.614,0.627,0.665,0.893,0.785,0.702,0.679,0.813,0.693,0.928,0.759,0.93,0.638,0.539,0.782,0.777,0.686,0.583,0.822,0.481,0.833,0.746,0.816,0.849,0.808,0.939,0.848,0.612,0.746,0.624,0.657,0.915,0.822,0.752,0.567,0.782,0.853,0.849,0.655,0.917,0.853,0.909,0.866,0.808,0.807,0.82,0.779,0.832,0.707,0.681,0.689,0.74,0.799,0.681,0.617,0.693,0.848,0.899,0.786,0.812,0.914,0.761,0.774,0.842,0.73,0.898,0.79,0.89
"CDH23",0.744,0.926,0.772,0.847,0.844,0.842,0.649,0.754,0.734,0.819,0.71,0.685,0.851,0.759,0.872,0.889,0.707,0.703,0,0.75,0.859,0.71,0.753,0.748,0.767,0.707,0.798,0.935,0.81,0.755,0.815,0.718,0.873,0.802,0.642,0.674,0.76,0.942,0.875,0.811,0.768,0.689,0.809,0.791,0.735,0.747,0.711,0.72,0.643,0.863,0.783,0.752,0.742,0.827,0.672,0.792,0.714,0.819,0.888,0.672,0.826,0.819,0.857,0.886,0.929,0.668,0.716,0.743,0.746,0.843,0.784,0.723,0.839,0.867,0.804,0.944,0.817,0.836,0.779,0.728,0.801,0.827,0.807,0.78,0.805,0.713,0.544,0.804,0.889,0.841,0.769,0.937,0.703,0.817,0.789,0.836,0.867,0.869,0.833,0.874,0.705,0.92,0.806,0.752,0.715,0.834,0.657,0.854,0.866,0.709,0.641,0.766,0.806,0.889,0.764,0.794,0.612,0.778,0.703,0.754,0.37,0.82,0.614,0.901,0.794,0.942,0.9,0.958,0.961,0.866,0.808,0.895,0.868,0.895
"CFTR",0.725,0.915,0.783,0.837,0.865,0.708,0.635,0.712,0.777,0.855,0.714,0.785,0.885,0.697,0.848,0.891,0.807,0.78,0.75,0,0.8,0.851,0.773,0.761,0.75,0.73,0.776,0.924,0.826,0.737,0.803,0.808,0.885,0.765,0.778,0.721,0.739,0.91,0.836,0.808,0.749,0.698,0.826,0.699,0.759,0.776,0.71,0.72,0.826,0.864,0.751,0.772,0.784,0.843,0.789,0.78,0.741,0.83,0.896,0.845,0.833,0.803,0.924,0.866,0.945,0.747,0.765,0.716,0.715,0.894,0.818,0.836,0.77,0.832,0.794,0.951,0.861,0.832,0.767,0.765,0.86,0.75,0.738,0.76,0.837,0.755,0.73,0.775,0.873,0.676,0.739,0.95,0.81,0.763,0.814,0.781,0.823,0.778,0.747,0.85,0.772,0.83,0.665,0.737,0.719,0.71,0.617,0.754,0.663,0.499,0.681,0.616,0.823,0.85,0.766,0.816,0.774,0.792,0.811,0.748,0.671,0.807,0.866,0.931,0.829,0.867,0.829,0.88,0.886,0.859,0.821,0.916,0.813,0.917
"CLIP4",0.815,0.897,0.584,0.866,0.84,0.358,0.8,0.584,0.811,0.937,0.796,0.751,0.84,0.542,0.558,0.18,0.845,0.779,0.859,0.8,0,0.426,0.758,0.486,0.868,0.442,0.911,0.91,0.845,0.858,0.815,0.779,0.697,0.838,0.558,0.827,0.845,0.935,0.924,0.866,0.817,0.711,0.817,0.728,0.867,0.845,0.659,0.815,0.866,0.858,0.584,0.673,0.883,0.85,0.779,0.875,0.713,0.853,0.914,0.779,0.866,0.737,0.964,0.625,0.95,0.779,0.62,0.762,0.671,0.949,0.758,0.382,0.833,0.916,0.827,0.95,0.916,0.92,0.815,0.779,0.866,0.358,0.845,0.673,0.486,0.819,0.84,0.625,0.881,0.763,0.84,0.956,0.925,0.77,0.866,0.867,0.845,0.921,0.68,0.853,0.761,0.918,0.85,0.834,0.758,0.919,0.898,0.924,0.922,0.8,0.9,0.8,0.625,0.923,0.889,0.914,0.817,0.558,0.18,0.758,0.798,0.817,0.946,0.949,0.485,0.953,0.91,0.962,0.964,0.895,0.866,0.847,0.795,0.95
"CNN3",0.872,0.877,0.748,0.845,0.819,0.671,0.833,0.758,0.747,0.86,0.764,0.776,0.816,0.851,0.748,0.638,0.782,0.702,0.71,0.851,0.426,0,0.79,0.707,0.851,0.744,0.88,0.897,0.823,0.84,0.737,0.631,0.711,0.851,0.663,0.764,0.8,0.919,0.868,0.875,0.782,0.774,0.778,0.817,0.8,0.767,0.835,0.79,0.862,0.84,0.803,0.741,0.78,0.867,0.583,0.828,0.739,0.84,0.739,0.409,0.867,0.825,0.938,0.68,0.937,0.69,0.732,0.796,0.78,0.846,0.698,0.579,0.837,0.862,0.775,0.938,0.884,0.904,0.69,0.712,0.854,0.685,0.878,0.829,0.517,0.701,0.752,0.875,0.854,0.88,0.837,0.942,0.726,0.877,0.826,0.804,0.837,0.907,0.775,0.848,0.758,0.923,0.852,0.857,0.741,0.914,0.88,0.916,0.895,0.841,0.896,0.704,0.797,0.878,0.746,0.849,0.84,0.696,0.605,0.73,0.666,0.789,0.914,0.939,0.531,0.931,0.892,0.946,0.95,0.84,0.823,0.888,0.862,0.835
"CUL1",0.728,0.836,0.621,0.66,0.782,0.71,0.725,0.762,0.663,0.711,0.652,0.711,0.801,0.724,0.825,0.817,0.688,0.666,0.753,0.773,0.758,0.79,0,0.629,0.764,0.714,0.503,0.794,0.7,0.724,0.688,0.62,0.847,0.751,0.647,0.601,0.6,0.541,0,0.766,0.615,0.565,0.697,0.747,0.616,0.604,0.733,0.597,0.752,0.799,0.64,0.709,0.635,0.807,0.678,0.756,0.637,0.727,0.833,0.76,0.74,0.576,0.809,0.816,0.735,0.655,0.709,0.639,0.658,0.811,0.69,0.783,0.753,0.727,0.64,0.866,0.782,0.917,0.618,0.559,0.749,0.76,0.766,0.628,0.732,0.69,0.792,0.769,0.816,0.84,0.791,0.886,0.736,0.721,0.649,0.516,0.612,0.887,0.774,0.519,0.664,0.791,0.847,0.843,0.577,0.904,0.822,0.892,0.799,0.822,0.815,0.79,0.755,0.745,0.667,0.684,0.746,0.662,0.712,0.537,0.533,0.62,0.877,0.933,0.749,0.863,0.891,0.874,0.881,0.814,0.637,0.85,0.806,0.864
"CXCL1",0.721,0.906,0.64,0.511,0.851,0.562,0.765,0.774,0.569,0.687,0.64,0.717,0.75,0.68,0.733,0.788,0.546,0.604,0.748,0.761,0.486,0.707,0.629,0,0.71,0.702,0.365,0.916,0.569,0.592,0.751,0.522,0.813,0.673,0.684,0.544,0.56,0.886,0.876,0.576,0.456,0.566,0.716,0.68,0.637,0.4,0.565,0.605,0.61,0.769,0.587,0.652,0.567,0.829,0.667,0.691,0.577,0.785,0.855,0.81,0.484,0.506,0.943,0.782,0.944,0.636,0.637,0.492,0.628,0.83,0.724,0.777,0.642,0.871,0.532,0.944,0.633,0.923,0.659,0.538,0.576,0.739,0.503,0.536,0.657,0.589,0.796,0.694,0.794,0.858,0.765,0.949,0.805,0.603,0.47,0,0.589,0.909,0.791,0.762,0.487,0.801,0.871,0.8,0.672,0.916,0.824,0.916,0.873,0.812,0.771,0.828,0.692,0.881,0.602,0.625,0.542,0.723,0.727,0.522,0.671,0.438,0.516,0.743,0.622,0.818,0.917,0.856,0.828,0.851,0.496,0.884,0.785,0.878
"CYP1A1",0.643,0.688,0.72,0.836,0.73,0.849,0.702,0.816,0.748,0.874,0.69,0.755,0.714,0.716,0.826,0.886,0.817,0.77,0.767,0.75,0.868,0.851,0.764,0.71,0,0.81,0.804,0.836,0.845,0.619,0.772,0.834,0.919,0.741,0.76,0.728,0.771,0.836,0.648,0.841,0.8,0.678,0.841,0.789,0.773,0.786,0.786,0.708,0.845,0.752,0.777,0.717,0.793,0.68,0.797,0.75,0.736,0.731,0.838,0.851,0.781,0.762,0.569,0.854,0.833,0.805,0.773,0.744,0.773,0.901,0.816,0.83,0.802,0.512,0.802,0.864,0.772,0.943,0.747,0.778,0.856,0.883,0.748,0.716,0.849,0.765,0.846,0.801,0.764,0.753,0.688,0.871,0.832,0.736,0.825,0.846,0.841,0.765,0.758,0.801,0.763,0.746,0.889,0.839,0.753,0.934,0.856,0.84,0.796,0.821,0.697,0.832,0.754,0.558,0.803,0.8,0.763,0.695,0.785,0.783,0.62,0.832,0.35,0.868,0.778,0.754,0.89,0.797,0.809,0.865,0.819,0.825,0.737,0.873
"DCTN1",0.759,0.902,0.771,0.85,0.837,0.636,0.682,0.724,0.699,0.834,0.694,0.717,0.853,0.75,0.776,0.687,0.753,0.769,0.707,0.73,0.442,0.744,0.714,0.702,0.81,0,0.832,0.912,0.802,0.786,0.727,0.777,0.812,0.785,0.679,0.727,0.769,0.936,0.797,0.815,0.714,0.656,0.799,0.743,0.762,0.682,0.619,0.667,0.761,0.867,0.743,0.707,0.724,0.808,0.677,0.807,0.672,0.827,0.885,0.786,0.853,0.784,0.904,0.792,0.945,0.697,0.666,0.668,0.61,0.862,0.673,0.73,0.818,0.795,0.773,0.948,0.869,0.899,0.708,0.778,0.843,0.684,0.829,0.742,0.7,0.74,0.709,0.814,0.876,0.818,0.763,0.95,0.819,0.801,0.759,0.737,0.822,0.878,0.738,0.839,0.698,0.904,0.812,0.763,0.69,0.865,0.739,0.857,0.865,0.753,0.764,0.757,0.779,0.823,0.799,0.831,0.78,0.684,0.588,0.714,0.533,0.799,0.877,0.946,0.723,0.902,0.897,0.878,0.925,0.835,0.765,0.872,0.823,0.915
"DDIT4L",0.637,0.917,0.159,0.447,0.885,0.365,0.858,0.764,0.509,0.246,0.136,0.728,0.885,0.202,0.776,0.843,0.365,0.344,0.798,0.776,0.911,0.88,0.503,0.365,0.804,0.832,0,0.924,0.365,0.58,0.746,0.447,0.814,0.813,0.348,0.365,0.365,0.884,0.936,0.447,0.365,0.449,0.705,0.493,0.503,0.365,0.32,0.136,0.447,0.805,0.246,0.787,0.462,0.858,0.852,0.821,0.462,0.888,0.861,0.852,0.447,0.246,0.971,0.728,0.962,0.462,0.579,0.234,0.246,0.962,0.844,0.852,0.202,0.931,0.266,0.952,0.621,0.932,0.75,0.202,0.447,0.744,0.365,0.365,0.844,0.591,0.885,0.202,0.841,0.859,0.773,0.961,0.89,0.202,0.447,0.633,0.365,0.928,0.857,0.266,0.293,0.575,0.89,0.853,0.76,0.932,0.844,0.942,0.804,0.814,0.701,0.861,0.776,0.934,0.181,0.266,0.509,0.844,0.875,0.365,0.886,0.365,0.915,0.902,0.844,0.888,0.927,0.907,0.865,0.873,0.447,0.887,0.749,0.88
"DSE",0.883,0.746,0.812,0.845,0.755,0.904,0.891,0.866,0.868,0.958,0.926,0.779,0.783,0.906,0.82,0.908,0.911,0.859,0.935,0.924,0.91,0.897,0.794,0.916,0.836,0.912,0.924,0,0.907,0.839,0.846,0.875,0.929,0.841,0.839,0.934,0.932,0.631,0.668,0.931,0.899,0.932,0.895,0.893,0.742,0.919,0.925,0.919,0.927,0.846,0.91,0.853,0.892,0.791,0.896,0.868,0.905,0.762,0.793,0.863,0.928,0.887,0.489,0.815,0.634,0.911,0.844,0.924,0.911,0.968,0.86,0.889,0.869,0.691,0.901,0.825,0.812,0.953,0.884,0.816,0.92,0.869,0.902,0.886,0.918,0.925,0.927,0.859,0.761,0.867,0.846,0.772,0.952,0.899,0.924,0.894,0.855,0.852,0.857,0.775,0.925,0.794,0.917,0.937,0.899,0.957,0.951,0.82,0.853,0.926,0.915,0.898,0.821,0.708,0.941,0.904,0.919,0.708,0.879,0.874,0.86,0.89,0.959,0.966,0.877,0.743,0.827,0.758,0.772,0.887,0.901,0.795,0.847,0.798
"DTNA",0.811,0.895,0.781,0.468,0.838,0.646,0.854,0.823,0.782,0.777,0.816,0.732,0.836,0.762,0.812,0.823,0.597,0.74,0.81,0.826,0.845,0.823,0.7,0.569,0.845,0.802,0.365,0.907,0,0.752,0.827,0.54,0.833,0.814,0.777,0.712,0.686,0.906,0.876,0.637,0.396,0.809,0.485,0.723,0.72,0.644,0.653,0.815,0.61,0.821,0.706,0.844,0.744,0.862,0.793,0.844,0.745,0.849,0.883,0.763,0.603,0.515,0.941,0.823,0.94,0.692,0.768,0.667,0.783,0.924,0.748,0.784,0.743,0.871,0.622,0.943,0.741,0.919,0.809,0.576,0.568,0.809,0.664,0.677,0.568,0.75,0.842,0.753,0.851,0.892,0.802,0.945,0.876,0.711,0.561,0.608,0.621,0.907,0.85,0.781,0.661,0.827,0.858,0.818,0.826,0.902,0.752,0.916,0.877,0.832,0.841,0.824,0.79,0.881,0.674,0.731,0.457,0.808,0.737,0.56,0.692,0.291,0.862,0.912,0.771,0.818,0.91,0.856,0.864,0.892,0.588,0.872,0.825,0.896
"DUOX1",0.686,0.843,0.668,0.734,0.713,0.77,0.757,0.781,0.697,0.781,0.666,0.736,0.762,0.718,0.794,0.873,0.725,0.672,0.755,0.737,0.858,0.84,0.724,0.592,0.619,0.786,0.58,0.839,0.752,0,0.78,0.706,0.864,0.685,0.723,0.658,0.687,0.827,0.769,0.729,0.684,0.626,0.8,0.752,0.659,0.658,0.737,0.674,0.769,0.525,0.706,0.672,0.671,0.751,0.734,0.688,0.685,0.741,0.853,0.824,0.644,0.676,0.797,0.844,0.881,0.686,0.698,0.663,0.678,0.847,0.769,0.804,0.763,0.709,0.728,0.893,0.719,0.928,0.723,0.7,0.777,0.839,0.719,0.637,0.799,0.668,0.83,0.738,0.748,0.838,0.667,0.902,0.813,0.679,0.715,0.749,0.767,0.846,0.811,0.789,0.665,0.791,0.857,0.805,0.708,0.918,0.823,0.863,0.856,0.791,0.713,0.831,0.765,0.693,0.702,0.736,0.679,0.706,0.765,0.613,0.62,0.694,0.803,0.832,0.794,0.8,0.898,0.832,0.842,0.857,0.719,0.853,0.772,0.878
"E2F8",0.753,0.873,0.751,0.836,0.837,0.828,0.761,0.651,0.582,0.747,0.62,0.789,0.853,0.744,0.617,0.83,0.77,0.766,0.815,0.803,0.815,0.737,0.688,0.751,0.772,0.727,0.746,0.846,0.827,0.78,0,0.803,0.874,0.831,0.629,0.699,0.718,0.9,0.859,0.871,0.718,0.635,0.792,0.761,0.711,0.694,0.734,0.593,0.858,0.874,0.621,0.564,0.603,0.821,0.683,0.608,0.598,0.505,0.469,0.816,0.865,0.794,0.904,0.503,0.902,0.721,0.544,0.76,0.729,0.784,0.706,0.811,0.67,0.853,0.671,0.937,0.518,0.936,0.476,0.775,0.866,0.807,0.836,0.69,0.742,0.721,0.781,0.664,0.874,0.859,0.832,0.897,0.75,0.793,0.753,0.618,0.802,0.902,0.698,0.835,0.723,0.816,0.855,0.861,0.523,0.927,0.836,0.868,0.887,0.846,0.82,0.725,0.712,0.603,0.72,0.725,0.834,0.533,0.729,0.7,0.62,0.801,0.907,0.954,0.807,0,0.885,0.074,0.069,0.691,0.752,0.817,0.644,0.595
"EFS",0.831,0.854,0.641,0.418,0.788,0.588,0.831,0.782,0.685,0.792,0.81,0.704,0.788,0.767,0.765,0.779,0.485,0.537,0.718,0.808,0.779,0.631,0.62,0.522,0.834,0.777,0.447,0.875,0.54,0.706,0.803,0,0.705,0.665,0.761,0.662,0.682,0.878,0.817,0.62,0.506,0.782,0.663,0.719,0.643,0.533,0.687,0.809,0.634,0.778,0.737,0.855,0.696,0.828,0.634,0.822,0.728,0.817,0.867,0.407,0.587,0.481,0.914,0.784,0.924,0.577,0.687,0.65,0.781,0.926,0.666,0.624,0.702,0.813,0.597,0.924,0.75,0.871,0.792,0.428,0.533,0.763,0.613,0.62,0.792,0.597,0.819,0.751,0.801,0.813,0.78,0.928,0.881,0.714,0.532,0.651,0.581,0.872,0.828,0.723,0.607,0.805,0.805,0.811,0.762,0.875,0.852,0.873,0.832,0.793,0.86,0.757,0.777,0.836,0.712,0.684,0.656,0.763,0.699,0.486,0.617,0.386,0.881,0.896,0.691,0.854,0.86,0.885,0.892,0.867,0.514,0.864,0.83,0.88
"EGFLAM",0.902,0.913,0.741,0.806,0.871,0.76,0.911,0.78,0.873,0.922,0.876,0.779,0.864,0.858,0.799,0.751,0.828,0.789,0.873,0.885,0.697,0.711,0.847,0.813,0.919,0.812,0.814,0.929,0.833,0.864,0.874,0.705,0,0.859,0.833,0.877,0.862,0.944,0.932,0.865,0.8,0.888,0.851,0.758,0.749,0.855,0.862,0.904,0.865,0.886,0.826,0.905,0.882,0.911,0.78,0.903,0.845,0.898,0.908,0.622,0.857,0.783,0.966,0.803,0.954,0.661,0.783,0.842,0.85,0.956,0.78,0.63,0.801,0.922,0.836,0.956,0.89,0.936,0.851,0.728,0.822,0.768,0.867,0.835,0.831,0.781,0.905,0.854,0.905,0.894,0.878,0.961,0.913,0.847,0.833,0.732,0.811,0.929,0.869,0.874,0.817,0.889,0.878,0.835,0.878,0.949,0.928,0.942,0.921,0.899,0.931,0.865,0.838,0.929,0.879,0.842,0.873,0.83,0.743,0.758,0.748,0.753,0.945,0.953,0.764,0.893,0.927,0.868,0.919,0.912,0.822,0.884,0.86,0.904
"ENPP2",0.708,0.802,0.697,0.808,0.805,0.726,0.765,0.758,0.729,0.909,0.791,0.757,0.8,0.734,0.841,0.862,0.73,0.612,0.802,0.765,0.838,0.851,0.751,0.673,0.741,0.785,0.813,0.841,0.814,0.685,0.831,0.665,0.859,0,0.802,0.824,0.81,0.786,0.747,0.693,0.799,0.731,0.851,0.738,0.713,0.731,0.785,0.825,0.828,0.789,0.767,0.825,0.742,0.774,0.82,0.755,0.793,0.818,0.878,0.822,0.786,0.765,0.805,0.836,0.847,0.673,0.734,0.741,0.703,0.929,0.812,0.806,0.748,0.701,0.81,0.783,0.824,0.881,0.824,0.711,0.823,0.648,0.684,0.646,0.868,0.633,0.807,0.796,0.755,0.729,0.696,0.904,0.88,0.746,0.839,0.733,0.756,0.847,0.852,0.801,0.64,0.813,0.774,0.731,0.758,0.834,0.807,0.797,0.785,0.73,0.73,0.751,0.785,0.785,0.847,0.82,0.802,0.727,0.794,0.761,0.617,0.787,0.753,0.84,0.766,0.812,0.853,0.761,0.837,0.866,0.811,0.857,0.773,0.883
"EYA4",0.754,0.842,0.688,0.804,0.81,0.735,0.745,0.71,0.579,0.649,0.628,0.723,0.845,0.742,0.644,0.803,0.695,0.707,0.642,0.778,0.558,0.663,0.647,0.684,0.76,0.679,0.348,0.839,0.777,0.723,0.629,0.761,0.833,0.802,0,0.585,0.55,0.853,0.729,0.82,0.656,0.601,0.742,0.757,0.701,0.604,0.734,0.575,0.77,0.862,0.626,0.583,0.617,0.803,0.626,0.713,0.617,0.69,0.715,0.807,0.807,0.73,0.837,0.56,0.868,0.673,0.607,0.69,0.63,0.748,0.715,0.772,0.723,0.762,0.646,0.907,0.745,0.921,0.558,0.699,0.795,0.743,0.811,0.692,0.603,0.687,0.673,0.715,0.85,0.844,0.808,0.894,0.714,0.769,0.687,0.767,0.784,0.891,0.601,0.767,0.706,0.827,0.858,0.835,0.6,0.904,0.752,0.866,0.859,0.81,0.775,0.688,0.654,0.472,0.598,0.636,0.77,0.558,0.687,0.688,0.533,0.75,0.877,0.914,0.758,0.663,0.888,0.575,0.705,0.749,0.694,0.776,0.7,0.776
"FBN1",0.725,0.928,0.599,0.691,0.874,0.753,0.7,0.723,0.588,0.535,0.533,0.771,0.894,0.689,0.86,0.885,0.671,0.584,0.674,0.721,0.827,0.764,0.601,0.544,0.728,0.727,0.365,0.934,0.712,0.658,0.699,0.662,0.877,0.824,0.585,0,0.348,0.92,0.868,0.751,0.54,0.549,0.66,0.728,0.567,0.532,0.641,0.55,0.738,0.856,0.55,0.611,0.615,0.882,0.553,0.646,0.535,0.766,0.744,0.77,0.719,0.652,0.914,0.798,0.95,0.586,0.609,0.588,0.602,0.718,0.736,0.798,0.656,0.862,0.62,0.955,0.764,0.94,0.613,0.639,0.771,0.846,0.717,0.565,0.611,0.622,0.752,0.751,0.854,0.892,0.839,0.955,0.651,0.723,0.557,0.608,0.745,0.926,0.789,0.819,0.587,0.828,0.879,0.838,0.554,0.916,0.74,0.925,0.884,0.83,0.73,0.806,0.817,0.878,0.506,0.498,0.676,0.71,0.8,0.63,0.617,0.647,0.862,0.926,0.837,0.818,0.938,0.856,0.864,0.78,0.586,0.906,0.797,0.842
"FBN2",0.773,0.928,0.707,0.627,0.878,0.739,0.703,0.765,0.597,0.616,0.574,0.766,0.9,0.732,0.866,0.883,0.662,0.696,0.76,0.739,0.845,0.8,0.6,0.56,0.771,0.769,0.365,0.932,0.686,0.687,0.718,0.682,0.862,0.81,0.55,0.348,0,0.929,0.876,0.725,0.535,0.586,0.613,0.716,0.592,0.558,0.665,0.57,0.715,0.875,0.524,0.611,0.61,0.887,0.641,0.745,0.599,0.759,0.721,0.865,0.696,0.62,0.914,0.791,0.947,0.61,0.683,0.606,0.612,0.734,0.767,0.848,0.654,0.871,0.613,0.951,0.759,0.939,0.67,0.651,0.74,0.847,0.725,0.601,0.652,0.631,0.764,0.755,0.885,0.883,0.862,0.952,0.619,0.72,0.544,0.608,0.727,0.92,0.801,0.811,0.638,0.84,0.863,0.834,0.605,0.916,0.752,0.925,0.882,0.831,0.76,0.797,0.823,0.881,0.535,0.551,0.709,0.783,0.803,0.586,0.617,0.588,0.862,0.929,0.853,0.818,0.939,0.856,0.864,0.758,0.575,0.893,0.759,0.816
"FBXO17",0.872,0.789,0.718,0.874,0.79,0.908,0.913,0.875,0.917,0.957,0.933,0.821,0.823,0.898,0.83,0.924,0.907,0.862,0.942,0.91,0.935,0.919,0.541,0.886,0.836,0.936,0.884,0.631,0.906,0.827,0.9,0.878,0.944,0.786,0.853,0.92,0.929,0,0.672,0.918,0.895,0.937,0.913,0.895,0.855,0.914,0.922,0.935,0.92,0.767,0.926,0.905,0.929,0.821,0.919,0.874,0.927,0.843,0.866,0.882,0.895,0.873,0.755,0.882,0.565,0.928,0.898,0.919,0.915,0.974,0.88,0.908,0.898,0.731,0.899,0.715,0.856,0.965,0.927,0.802,0.895,0.822,0.873,0.891,0.936,0.933,0.944,0.874,0.791,0.902,0.799,0.863,0.961,0.892,0.915,0.921,0.863,0.899,0.876,0.768,0.923,0.829,0.935,0.946,0.934,0.971,0.965,0.896,0.88,0.922,0.896,0.92,0.848,0.743,0.935,0.887,0.904,0.782,0.891,0.871,0.866,0.875,0.952,0.934,0.899,0.817,0.892,0.835,0.843,0.919,0.903,0.824,0.865,0.874
"FBXO30",0.516,0.751,0.516,0.901,0.708,0.876,0.704,0.797,0.787,0.963,0.84,0.708,0.708,0.441,0.883,0.888,0.876,0.747,0.875,0.836,0.924,0.868,0,0.876,0.648,0.797,0.936,0.668,0.876,0.769,0.859,0.817,0.932,0.747,0.729,0.868,0.876,0.672,0,0.901,0.856,0.71,0.856,0.71,0.538,0.876,0.895,0.666,0.901,0.809,0.786,0.787,0.863,0.761,0.817,0.566,0.785,0.787,0.863,0.817,0.901,0.844,0.809,0.863,0.516,0.817,0.787,0.828,0.747,0.966,0.797,0.817,0.817,0.727,0.868,0.844,0.772,0.958,0.859,0.415,0.901,0.807,0.876,0.483,0.888,0.868,0.88,0.786,0.784,0.662,0.798,0.749,0.939,0.77,0.901,0.901,0.441,0.865,0.761,0,0.817,0.784,0.888,0.93,0.797,0.957,0.932,0.853,0.662,0.836,0.825,0.836,0.836,0.745,0.926,0.831,0.856,0.568,0.803,0.797,0.803,0.856,0.963,0.962,0.797,0.863,0.904,0.875,0.883,0.875,0.901,0.745,0.729,0.863
"FCER1A",0.838,0.924,0.787,0.578,0.875,0.612,0.856,0.833,0.802,0.821,0.843,0.778,0.856,0.778,0.819,0.873,0.683,0.747,0.811,0.808,0.866,0.875,0.766,0.576,0.841,0.815,0.447,0.931,0.637,0.729,0.871,0.62,0.865,0.693,0.82,0.751,0.725,0.918,0.901,0,0.629,0.835,0.796,0.768,0.768,0.707,0.706,0.832,0.695,0.837,0.768,0.857,0.768,0.87,0.864,0.824,0.772,0.855,0.915,0.845,0.566,0.574,0.938,0.865,0.949,0.765,0.811,0.708,0.807,0.948,0.838,0.823,0.767,0.894,0.669,0.953,0.765,0.918,0.851,0.643,0.66,0.817,0.688,0.717,0.871,0.776,0.84,0.769,0.879,0.877,0.775,0.954,0.91,0.686,0.656,0.651,0.664,0.902,0.885,0.821,0.737,0.84,0.854,0.821,0.856,0.901,0.845,0.877,0.881,0.824,0.834,0.833,0.73,0.903,0.731,0.784,0.673,0.841,0.801,0.636,0.666,0.507,0.817,0.723,0.821,0.854,0.919,0.885,0.892,0.905,0.677,0.905,0.813,0.917
"FGF11",0.772,0.884,0.72,0.439,0.826,0.631,0.73,0.76,0.568,0.558,0.66,0.725,0.829,0.729,0.798,0.808,0.504,0.699,0.768,0.749,0.817,0.782,0.615,0.456,0.8,0.714,0.365,0.899,0.396,0.684,0.718,0.506,0.8,0.799,0.656,0.54,0.535,0.895,0.856,0.629,0,0.613,0.447,0.707,0.64,0.283,0.623,0.619,0.618,0.811,0.622,0.648,0.525,0.855,0.511,0.759,0.586,0.767,0.796,0.756,0.589,0.502,0.92,0.792,0.931,0.609,0.639,0.543,0.604,0.695,0.581,0.78,0.702,0.85,0.542,0.933,0.716,0.793,0.639,0.558,0.552,0.765,0.639,0.608,0.576,0.663,0.741,0.708,0.834,0.86,0.784,0.936,0.736,0.708,0.328,0.608,0.61,0.883,0.797,0.762,0.554,0.811,0.782,0.786,0.68,0.809,0.694,0.867,0.844,0.738,0.757,0.745,0.786,0.867,0.559,0.593,0.549,0.746,0.739,0.502,0.66,0.29,0.862,0.905,0.765,0.818,0.78,0.856,0.864,0.807,0.357,0.865,0.805,0.817
"FGF8",0.552,0.931,0.648,0.832,0.88,0.814,0.664,0.677,0.5,0.657,0.401,0.782,0.893,0.588,0.878,0.875,0.685,0.576,0.689,0.698,0.711,0.774,0.565,0.566,0.678,0.656,0.449,0.932,0.809,0.626,0.635,0.782,0.888,0.731,0.601,0.549,0.586,0.937,0.71,0.835,0.613,0,0.752,0.669,0.521,0.57,0.602,0.416,0.821,0.884,0.48,0.587,0.53,0.878,0.625,0.601,0.478,0.705,0.765,0.868,0.832,0.745,0.805,0.794,0.936,0.56,0.557,0.569,0.525,0.732,0.753,0.846,0.686,0.843,0.615,0.953,0.767,0.948,0.507,0.751,0.844,0.857,0.76,0.475,0.674,0.58,0.739,0.768,0.898,0.874,0.845,0.949,0.716,0.688,0.627,0.398,0.792,0.933,0.728,0.843,0.508,0.877,0.874,0.822,0.51,0.922,0.753,0.923,0.906,0.834,0.661,0.779,0.839,0.681,0.586,0.592,0.782,0.689,0.801,0.684,0.617,0.796,0.796,0.933,0.843,0.64,0.943,0.636,0.715,0.718,0.629,0.898,0.702,0.824
"FJX1",0.851,0.877,0.823,0.662,0.822,0.758,0.81,0.85,0.765,0.682,0.785,0.795,0.829,0.842,0.862,0.839,0.735,0.807,0.809,0.826,0.817,0.778,0.697,0.716,0.841,0.799,0.705,0.895,0.485,0.8,0.792,0.663,0.851,0.851,0.742,0.66,0.613,0.913,0.856,0.796,0.447,0.752,0,0.831,0.8,0.661,0.784,0.756,0.762,0.847,0.753,0.761,0.756,0.87,0.705,0.851,0.77,0.773,0.797,0.737,0.763,0.722,0.92,0.845,0.923,0.759,0.792,0.78,0.759,0.764,0.698,0.811,0.842,0.85,0.732,0.927,0.847,0.898,0.769,0.75,0.731,0.848,0.831,0.775,0.601,0.776,0.814,0.87,0.851,0.898,0.841,0.928,0.523,0.848,0.64,0.796,0.773,0.9,0.835,0.826,0.737,0.903,0.858,0.858,0.745,0.904,0.769,0.91,0.869,0.857,0.841,0.803,0.852,0.867,0.705,0.744,0.658,0.797,0.725,0.647,0.66,0.477,0.898,0.927,0.768,0.923,0.892,0.94,0.944,0.846,0.65,0.903,0.89,0.886
"FLOT1",0.717,0.905,0.726,0.725,0.865,0.634,0.776,0.578,0.688,0.855,0.648,0.764,0.88,0.559,0.741,0.849,0.683,0.648,0.791,0.699,0.728,0.817,0.747,0.68,0.789,0.743,0.493,0.893,0.723,0.752,0.761,0.719,0.758,0.738,0.757,0.728,0.716,0.895,0.71,0.768,0.707,0.669,0.831,0,0.647,0.684,0.667,0.721,0.773,0.87,0.636,0.713,0.703,0.842,0.794,0.715,0.648,0.792,0.819,0.822,0.763,0.652,0.866,0.765,0.918,0.61,0.628,0.625,0.648,0.93,0.837,0.751,0.673,0.843,0.657,0.948,0.709,0.924,0.728,0.623,0.779,0.674,0.663,0.65,0.824,0.69,0.816,0.66,0.868,0.782,0.829,0.934,0.855,0.557,0.731,0.685,0.702,0.876,0.82,0.791,0.665,0.798,0.789,0.758,0.734,0.867,0.779,0.869,0.844,0.749,0.758,0.798,0.767,0.569,0.778,0.768,0.755,0.74,0.813,0.708,0.671,0.698,0.866,0.935,0.816,0.225,0.915,0.299,0.336,0.809,0.733,0.846,0.68,0.838
"GCNT2",0.669,0.886,0.635,0.699,0.837,0.733,0.717,0.719,0.604,0.715,0.541,0.728,0.875,0.678,0.837,0.875,0.661,0.555,0.735,0.759,0.867,0.8,0.616,0.637,0.773,0.762,0.503,0.742,0.72,0.659,0.711,0.643,0.749,0.713,0.701,0.567,0.592,0.855,0.538,0.768,0.64,0.521,0.8,0.647,0,0.59,0.684,0.581,0.752,0.867,0.564,0.625,0.563,0.807,0.649,0.668,0.55,0.775,0.791,0.784,0.74,0.614,0.518,0.774,0.86,0.486,0.556,0.587,0.644,0.822,0.784,0.789,0.554,0.769,0.592,0.919,0.728,0.94,0.583,0.575,0.752,0.82,0.68,0.493,0.794,0.569,0.819,0.662,0.844,0.836,0.835,0.893,0.71,0.657,0.676,0.398,0.696,0.875,0.817,0.726,0.531,0.746,0.841,0.76,0.594,0.919,0.815,0.891,0.851,0.824,0.799,0.828,0.817,0.676,0.618,0.64,0.751,0.674,0.821,0.644,0.66,0.668,0.898,0.941,0.844,0.654,0.899,0.722,0.74,0.756,0.661,0.831,0.665,0.805
"GFRA3",0.768,0.912,0.678,0.569,0.865,0.724,0.718,0.756,0.419,0.536,0.622,0.771,0.874,0.737,0.832,0.856,0.336,0.653,0.747,0.776,0.845,0.767,0.604,0.4,0.786,0.682,0.365,0.919,0.644,0.658,0.694,0.533,0.855,0.731,0.604,0.532,0.558,0.914,0.876,0.707,0.283,0.57,0.661,0.684,0.59,0,0.594,0.592,0.688,0.846,0.637,0.598,0.504,0.878,0.437,0.7,0.574,0.737,0.733,0.833,0.671,0.588,0.943,0.779,0.946,0.489,0.594,0.52,0.553,0.619,0.566,0.823,0.706,0.871,0.535,0.946,0.723,0.927,0.61,0.628,0.696,0.829,0.682,0.575,0.609,0.611,0.679,0.758,0.868,0.859,0.827,0.949,0.692,0.724,0.283,0.608,0.71,0.912,0.781,0.806,0.45,0.845,0.871,0.798,0.65,0.906,0.772,0.914,0.885,0.844,0.788,0.766,0.808,0.881,0.548,0.525,0.679,0.735,0.785,0.59,0.731,0.531,0.862,0.911,0.817,0.818,0.923,0.856,0.864,0.758,0.333,0.88,0.798,0.761
"GIT1",0.706,0.893,0.708,0.687,0.861,0.655,0.679,0.732,0.617,0.747,0.629,0.693,0.85,0.694,0.84,0.833,0.604,0.734,0.711,0.71,0.659,0.835,0.733,0.565,0.786,0.619,0.32,0.925,0.653,0.737,0.734,0.687,0.862,0.785,0.734,0.641,0.665,0.922,0.895,0.706,0.623,0.602,0.784,0.667,0.684,0.594,0,0.626,0.602,0.861,0.672,0.718,0.572,0.824,0.729,0.696,0.595,0.845,0.852,0.85,0.711,0.642,0.904,0.814,0.934,0.65,0.688,0.547,0.653,0.875,0.791,0.825,0.698,0.846,0.568,0.939,0.754,0.914,0.688,0.674,0.732,0.786,0.637,0.642,0.776,0.723,0.733,0.718,0.845,0.837,0.79,0.932,0.805,0.633,0.644,0.589,0.718,0.881,0.813,0.819,0.608,0.798,0.822,0.786,0.713,0.869,0.72,0.878,0.833,0.754,0.699,0.781,0.8,0.814,0.679,0.685,0.677,0.772,0.779,0.627,0.533,0.647,0.725,0.904,0.793,0.809,0.9,0.832,0.764,0.815,0.655,0.877,0.739,0.867
"GLI3",0.622,0.927,0.633,0.835,0.884,0.823,0.653,0.643,0.468,0.634,0.437,0.782,0.904,0.616,0.833,0.906,0.698,0.628,0.72,0.72,0.815,0.79,0.597,0.605,0.708,0.667,0.136,0.919,0.815,0.674,0.593,0.809,0.904,0.825,0.575,0.55,0.57,0.935,0.666,0.832,0.619,0.416,0.756,0.721,0.581,0.592,0.626,0,0.82,0.908,0.437,0.56,0.538,0.882,0.595,0.574,0.431,0.679,0.691,0.871,0.827,0.779,0.715,0.709,0.913,0.601,0.519,0.593,0.529,0.737,0.764,0.862,0.654,0.689,0.624,0.953,0.694,0.95,0.486,0.772,0.857,0.865,0.804,0.565,0.68,0.613,0.732,0.729,0.919,0.856,0.865,0.942,0.697,0.726,0.637,0.204,0.785,0.928,0.76,0.842,0.576,0.871,0.877,0.845,0.428,0.917,0.726,0.91,0.896,0.838,0.705,0.765,0.818,0.603,0.57,0.584,0.819,0.652,0.824,0.718,0.533,0.79,0.877,0.947,0.861,0,0.936,0,0,0.701,0.65,0.887,0.709,0.758
"GPR88",0.815,0.917,0.803,0.552,0.851,0.699,0.782,0.852,0.806,0.816,0.83,0.723,0.854,0.787,0.829,0.865,0.598,0.78,0.643,0.826,0.866,0.862,0.752,0.61,0.845,0.761,0.447,0.927,0.61,0.769,0.858,0.634,0.865,0.828,0.77,0.738,0.715,0.92,0.901,0.695,0.618,0.821,0.762,0.773,0.752,0.688,0.602,0.82,0,0.845,0.765,0.838,0.756,0.876,0.834,0.861,0.777,0.851,0.905,0.826,0.665,0.605,0.904,0.861,0.934,0.765,0.799,0.688,0.814,0.92,0.814,0.708,0.787,0.894,0.68,0.942,0.772,0.926,0.836,0.646,0.599,0.846,0.717,0.714,0.839,0.776,0.789,0.758,0.874,0.882,0.819,0.942,0.867,0.751,0.617,0.651,0.683,0.902,0.87,0.817,0.743,0.847,0.871,0.79,0.846,0.896,0.842,0.912,0.885,0.814,0.787,0.851,0.792,0.903,0.735,0.776,0.58,0.842,0.746,0.629,0.533,0.525,0.839,0.891,0.807,0.854,0.929,0.885,0.892,0.907,0.67,0.881,0.848,0.914
