"","ADCY4","ANGPTL2","BARHL2","BNC1","CA3","CFTR","CTSA","DDAH2","DDIT4L","DEFB115","DLGAP2","DNM3","FCER1A","FGF8","GNG4","HCK","HOXA10","HOXA4","ITPRIPL1","KCNAB1","LAMA4","LEP","LRP4","MMP26","MRGPRD","NDRG2","NKX2-6","NPY","NUP62","OPCML","OPN3","OR10J5","OR8B8","PAX3","PFN3","PRLHR","PTPRN","RASSF1","RGS17","RGS22","SBK2","SCT","SERPING1","SFRP2","SGIP1","SIM1","SLC2A10","SLC2A2","SPOCK2","SYN2","SYT6","TBX20","TFF1","TLX3","TMEM132B","USP44","ZNF177","ZSCAN18","ATP5G2","C1orf114","C5orf20","C7orf16","DARC","H2AFY","HIST1H1A","MIR663","WDR8","WISP1"
"ADCY4",0,0.432,0.606,0.599,0.396,0.571,0.865,0.493,0,0,0.494,0.459,0.575,0.67,0.432,0.392,0.584,0.834,0,0.616,0.614,0.47,0.344,0.68,0.853,0.458,0.835,0.524,0.479,0,0.623,0.897,0.709,0.583,0.599,0.61,0.419,0.393,0.567,0.212,0.656,0.444,0.531,0.563,0.462,0.558,0.916,0.914,0.44,0.275,0.457,0.749,0.477,0.579,0.533,0.471,0.458,0.421,0.52,0.427,0.486,0.9,0.744,0.579,0.578,0.762,0,0.491
"ANGPTL2",0.432,0,0.494,0.722,0.42,0.638,0.861,0.411,0,0,0.226,0.448,0.428,0.418,0.106,0.388,0.477,0.797,0,0.606,0.247,0.255,0.268,0.783,0.853,0.186,0.813,0.32,0.382,0,0.532,0.862,0.638,0.492,0.413,0.499,0.196,0.233,0.397,0.212,0.868,0.154,0.278,0.37,0.259,0.452,0.897,0.9,0.404,0.251,0.419,0.686,0.159,0.434,0.533,0.445,0.468,0.414,0.312,0.427,0.222,0.9,0.648,0.567,0.476,0.762,0,0.243
"BARHL2",0.606,0.494,0,0.36,0.617,0.689,0.884,0.597,0,0,0.545,0.58,0.622,0.689,0.494,0.579,0.0629999999999999,0.174,0,0.703,0.653,0.407,0.481,0.863,0.853,0.489,0.189,0.563,0.508,0,0.662,0.896,0.733,0.118,0.627,0.652,0.467,0.566,0.627,0.212,0.874,0.487,0.592,0.594,0.509,0.129,0.915,0.914,0.586,0.536,0.598,0.094,0.538,0.07,0.533,0.633,0.17,0.182,0.574,0.427,0.397,0.9,0.757,0.405,0.462,0.723,0,0.546
"BNC1",0.599,0.722,0.36,0,0.574,0.837,0.9,0.736,0.643,0.643,0.712,0.809,0.779,0.872,0.722,0.773,0.419,0.4,0.643,0.836,0.79,0.667,0.634,0.67,0.89,0.659,0.417,0.79,0.763,0.643,0.806,0.907,0.776,0.394,0.734,0.8,0.74,0.563,0.786,0.733,0.88,0.765,0.761,0.808,0.747,0.447,0.93,0.932,0.611,0.738,0.646,0.414,0.746,0.402,0.62,0.659,0.301,0.342,0.74,0.827,0.574,0.928,0.852,0.591,0.615,0.758,0.643,0.744
"CA3",0.396,0.42,0.617,0.574,0,0.665,0.876,0.51,0,0,0.491,0.553,0.584,0.657,0.42,0.543,0.592,0.843,0,0.682,0.612,0.476,0.359,0.468,0.853,0.446,0.837,0.526,0.477,0,0.635,0.894,0.704,0.594,0.575,0.621,0.409,0.2,0.583,0.212,0.863,0.438,0.535,0.556,0.457,0.571,0.915,0.913,0.461,0.479,0.456,0.758,0.473,0.588,0.533,0.349,0.463,0.422,0.522,0.427,0.498,0.9,0.743,0.618,0.591,0.762,0,0.491
"CFTR",0.571,0.638,0.689,0.837,0.665,0,0.841,0.57,0,0,0.636,0.528,0.67,0.786,0.638,0.567,0.667,0.871,0,0.592,0.726,0.626,0.605,0.86,0.853,0.579,0.857,0.602,0.603,0,0.694,0.914,0.778,0.671,0.733,0.691,0.602,0.665,0.582,0.212,0.793,0.615,0.671,0.686,0.631,0.662,0.763,0.769,0.655,0.565,0.701,0.801,0.654,0.681,0.533,0.637,0.68,0.675,0.572,0.427,0.658,0.826,0.79,0.642,0.668,0.762,0,0.651
"CTSA",0.865,0.861,0.884,0.9,0.876,0.841,0,0.728,0.824,0.824,0.807,0.881,0.874,0.884,0.861,0.833,0.886,0.909,0.824,0.872,0.861,0.867,0.878,0.732,0.89,0.72,0.879,0.842,0.869,0.824,0.883,0.911,0.87,0.881,0.866,0.883,0.869,0.872,0.673,0.865,0.829,0.852,0.795,0.768,0.872,0.873,0.932,0.934,0.822,0.876,0.896,0.911,0.847,0.883,0.62,0.672,0.887,0.877,0.864,0.907,0.868,0.68,0.872,0.877,0.877,0.929,0.824,0.872
"DDAH2",0.493,0.411,0.597,0.736,0.51,0.57,0.728,0,0,0,0.446,0.506,0.562,0.646,0.411,0.48,0.574,0.807,0,0.595,0.576,0.47,0.431,0.711,0.79,0.356,0.786,0.508,0.463,0,0.612,0.847,0.678,0.575,0.566,0.597,0.402,0.496,0.508,0.212,0.714,0.431,0.518,0.543,0.45,0.551,0.874,0.871,0.536,0.46,0.549,0.73,0.463,0.572,0.37,0.455,0.584,0.556,0.508,0.427,0.488,0.854,0.69,0.608,0.577,0.762,0,0.483
"DDIT4L",0,0,0,0.643,0,0,0.824,0,0,0,0,0,0,0.483,0,0,0,0.762,0,0.212,0.212,0,0,0.719,0.853,0,0.776,0,0,0,0,0.853,0.457,0,0.343,0,0,0,0,0.212,0.829,0,0,0.212,0,0,0.872,0.888,0,0,0.212,0.427,0,0,0.533,0,0,0,0,0.427,0,0.9,0.427,0,0,0.762,0,0
"DEFB115",0,0,0,0.643,0,0,0.824,0,0,0,0,0,0,0.483,0,0,0,0.762,0,0.212,0.212,0,0,0.719,0.853,0,0.776,0,0,0,0,0.853,0.457,0,0.343,0,0,0,0,0.212,0.829,0,0,0.212,0,0,0.872,0.888,0,0,0.212,0.427,0,0,0.533,0,0,0,0,0.427,0,0.9,0.427,0,0,0.762,0,0
"DLGAP2",0.494,0.226,0.545,0.712,0.491,0.636,0.807,0.446,0,0,0,0.496,0.489,0.555,0.226,0.479,0.522,0.768,0,0.629,0.453,0.381,0.343,0.778,0.79,0.185,0.757,0.44,0.368,0,0.57,0.806,0.638,0.529,0.459,0.545,0.276,0.353,0.473,0.212,0.841,0.332,0.387,0.458,0.339,0.493,0.85,0.853,0.467,0.347,0.47,0.692,0.305,0.503,0.37,0.508,0.529,0.483,0.398,0.427,0.342,0.854,0.631,0.588,0.526,0.762,0,0.364
"DNM3",0.459,0.448,0.58,0.809,0.553,0.528,0.881,0.506,0,0,0.496,0,0.557,0.699,0.463,0.47,0.566,0.862,0,0.639,0.542,0.484,0.455,0.855,0.853,0.46,0.85,0.511,0.463,0,0.595,0.912,0.728,0.567,0.637,0.583,0.45,0.509,0.406,0.212,0.824,0.439,0.526,0.584,0.413,0.548,0.926,0.924,0.533,0.418,0.589,0.758,0.492,0.56,0.533,0.533,0.567,0.55,0.519,0,0.499,0.9,0.752,0.543,0.532,0.762,0,0.5
"FCER1A",0.575,0.428,0.622,0.779,0.584,0.67,0.874,0.562,0,0,0.489,0.557,0,0.654,0.428,0.551,0.596,0.831,0,0.689,0.608,0.481,0.441,0.844,0.188,0.424,0.828,0.369,0.481,0,0.384,0.484,0.385,0.598,0.583,0.347,0.409,0.513,0.59,0.212,0.888,0.443,0.543,0.547,0.463,0.576,0.908,0.909,0.553,0.486,0.562,0.752,0.481,0.594,0.533,0.602,0.602,0.579,0.529,0.427,0.506,0.9,0.314,0.619,0.593,0.762,0,0.497
"FGF8",0.67,0.418,0.689,0.872,0.657,0.786,0.884,0.646,0.483,0.483,0.555,0.699,0.654,0,0.522,0.622,0.694,0.918,0.483,0.773,0.485,0.472,0.605,0.913,0.939,0.538,0.904,0.519,0.677,0.483,0.71,0.939,0.788,0.706,0.724,0.69,0.573,0.567,0.62,0.632,0.939,0.366,0.569,0.485,0.601,0.681,0.957,0.961,0.646,0.58,0.711,0.856,0.283,0.658,0.725,0.66,0.681,0.65,0.597,0.784,0.561,0.912,0.833,0.763,0.685,0.913,0.483,0.564
"GNG4",0.432,0.106,0.494,0.722,0.42,0.638,0.861,0.411,0,0,0.226,0.463,0.428,0.522,0,0.435,0.477,0.797,0,0.606,0.399,0.312,0.283,0.783,0.853,0.186,0.813,0.395,0.382,0,0.532,0.862,0.638,0.492,0.413,0.499,0.196,0.233,0.397,0.212,0.868,0.263,0.278,0.413,0.259,0.452,0.897,0.9,0.404,0.251,0.419,0.686,0.184,0.434,0.533,0.445,0.468,0.414,0.312,0.427,0.222,0.9,0.648,0.567,0.476,0.762,0,0.268
"HCK",0.392,0.388,0.579,0.773,0.543,0.567,0.833,0.48,0,0,0.479,0.47,0.551,0.622,0.435,0,0.563,0.832,0,0.612,0.533,0.433,0.434,0.788,0.853,0.444,0.834,0.466,0.44,0,0.565,0.896,0.695,0.563,0.499,0.582,0.424,0.492,0.548,0.212,0.444,0.381,0.512,0.538,0.404,0.54,0.914,0.915,0.522,0.309,0.53,0.738,0.459,0.555,0.533,0.491,0.563,0.543,0.414,0.427,0.477,0.9,0.73,0.593,0.558,0.762,0,0.47
"HOXA10",0.584,0.477,0.0629999999999999,0.419,0.592,0.667,0.886,0.574,0,0,0.522,0.566,0.596,0.694,0.477,0.563,0,0.213,0,0.69,0.637,0.408,0.472,0.863,0.853,0.474,0.22,0.546,0.499,0,0.637,0.899,0.725,0.109,0.627,0.626,0.457,0.541,0.598,0.212,0.879,0.476,0.563,0.588,0.495,0.176,0.917,0.916,0.566,0.516,0.592,0.143,0.517,0.0629999999999999,0.533,0.606,0.217,0.163,0.55,0.427,0.399,0.9,0.75,0.414,0.459,0.723,0,0.526
"HOXA4",0.834,0.797,0.174,0.4,0.843,0.871,0.909,0.807,0.762,0.762,0.768,0.862,0.831,0.918,0.797,0.832,0.213,0,0.762,0.872,0.834,0.678,0.833,0.923,0.89,0.714,0.122,0.845,0.832,0.762,0.85,0.915,0.822,0.208,0.805,0.845,0.816,0.815,0.832,0.829,0.887,0.837,0.817,0.862,0.822,0.309,0.934,0.936,0.822,0.803,0.862,0.151,0.814,0.109,0.62,0.839,0.319,0.285,0.806,0.9,0.547,0.928,0.875,0.576,0.589,0.723,0.762,0.813
"ITPRIPL1",0,0,0,0.643,0,0,0.824,0,0,0,0,0,0,0.483,0,0,0,0.762,0,0.212,0.212,0,0,0.719,0.853,0,0.776,0,0,0,0,0.853,0.457,0,0.343,0,0,0,0,0.212,0.829,0,0,0.212,0,0,0.872,0.888,0,0,0.212,0.427,0,0,0.533,0,0,0,0,0.427,0,0.9,0.427,0,0,0.762,0,0
"KCNAB1",0.616,0.606,0.703,0.836,0.682,0.592,0.872,0.595,0.212,0.212,0.629,0.639,0.689,0.773,0.606,0.612,0.69,0.872,0.212,0,0.721,0.618,0.601,0.876,0.89,0.584,0.871,0.578,0.582,0.212,0.718,0.923,0.792,0.663,0.724,0.71,0.591,0.651,0.676,0.395,0.829,0.607,0.658,0.68,0.588,0.668,0.888,0.9,0.662,0.567,0.691,0.809,0.634,0.687,0.62,0.677,0.689,0.678,0.588,0.583,0.63,0.87,0.806,0.694,0.681,0.8,0.212,0.638
"LAMA4",0.614,0.247,0.653,0.79,0.612,0.726,0.861,0.576,0.212,0.212,0.453,0.542,0.608,0.485,0.399,0.533,0.637,0.834,0.212,0.721,0,0.408,0.465,0.844,0.853,0.372,0.822,0.444,0.498,0.212,0.672,0.862,0.725,0.643,0.592,0.653,0.441,0.5,0.595,0.395,0.885,0.295,0.525,0.51,0.494,0.614,0.897,0.9,0.588,0.493,0.599,0.778,0.406,0.619,0.533,0.623,0.64,0.603,0.532,0.583,0.489,0.9,0.732,0.651,0.555,0.829,0.212,0.456
"LEP",0.47,0.255,0.407,0.667,0.476,0.626,0.867,0.47,0,0,0.381,0.484,0.481,0.472,0.312,0.433,0.408,0.678,0,0.618,0.408,0,0.366,0.833,0.853,0.358,0.761,0.346,0.423,0,0.547,0.894,0.671,0.364,0.549,0.525,0.326,0.384,0.468,0.212,0.86,0.183,0.41,0.403,0.368,0.333,0.914,0.914,0.459,0.366,0.504,0.576,0.278,0.363,0.533,0.492,0.389,0.416,0.415,0.427,0.185,0.9,0.706,0.38,0.332,0.536,0,0.387
"LRP4",0.344,0.268,0.481,0.634,0.359,0.605,0.878,0.431,0,0,0.343,0.455,0.441,0.605,0.283,0.434,0.472,0.833,0,0.601,0.465,0.366,0,0.733,0.853,0.323,0.834,0.406,0.402,0,0.508,0.891,0.653,0.483,0.527,0.485,0.301,0.283,0.425,0.212,0.875,0.323,0.369,0.473,0.339,0.455,0.911,0.912,0.299,0.328,0.259,0.7,0.322,0.445,0.533,0.4,0.376,0.335,0.378,0.427,0.341,0.9,0.681,0.533,0.471,0.762,0,0.353
"MMP26",0.68,0.783,0.863,0.67,0.468,0.86,0.732,0.711,0.719,0.719,0.778,0.855,0.844,0.913,0.783,0.788,0.863,0.923,0.719,0.876,0.844,0.833,0.733,0,0.939,0.732,0.911,0.854,0.827,0.719,0.868,0.939,0.842,0.859,0.795,0.863,0.803,0.403,0.815,0.8,0.823,0.829,0.824,0.859,0.811,0.847,0.959,0.963,0.714,0.801,0.739,0.917,0.808,0.851,0.725,0.394,0.712,0.675,0.801,0.884,0.798,0.964,0.9,0.871,0.836,0.919,0.719,0.803
"MRGPRD",0.853,0.853,0.853,0.89,0.853,0.853,0.89,0.79,0.853,0.853,0.79,0.853,0.188,0.939,0.853,0.853,0.853,0.89,0.853,0.89,0.853,0.853,0.853,0.939,0,0.671,0.853,0,0.853,0.853,0,0,0,0.853,0.853,0,0.853,0.853,0.853,0.89,0.932,0.853,0.853,0.89,0.853,0.853,0.929,0.932,0.853,0.853,0.89,0.89,0.853,0.853,0.671,0.853,0.853,0.853,0.853,0.929,0.853,0.946,0,0.853,0.853,0.947,0.853,0.853
"NDRG2",0.458,0.186,0.489,0.659,0.446,0.579,0.72,0.356,0,0,0.185,0.46,0.424,0.538,0.186,0.444,0.474,0.714,0,0.584,0.372,0.358,0.323,0.732,0.671,0,0.665,0.39,0.373,0,0.507,0.716,0.558,0.478,0.419,0.48,0.249,0.313,0.404,0.212,0.788,0.309,0.326,0.428,0.312,0.436,0.778,0.772,0.432,0.315,0.451,0.646,0.265,0.454,0,0.451,0.492,0.434,0.349,0.427,0.302,0.772,0.535,0.564,0.486,0.762,0,0.332
"NKX2-6",0.835,0.813,0.189,0.417,0.837,0.857,0.879,0.786,0.776,0.776,0.757,0.85,0.828,0.904,0.813,0.834,0.22,0.122,0.776,0.871,0.822,0.761,0.834,0.911,0.853,0.665,0,0.837,0.825,0.776,0.84,0.888,0.823,0.248,0.818,0.838,0.824,0.823,0.833,0.824,0.894,0.836,0.826,0.862,0.825,0.275,0.91,0.91,0.825,0.821,0.859,0.162,0.825,0.204,0.533,0.834,0.424,0.266,0.817,0.872,0.705,0.9,0.84,0.672,0.714,0.791,0.776,0.827
"NPY",0.524,0.32,0.563,0.79,0.526,0.602,0.842,0.508,0,0,0.44,0.511,0.369,0.519,0.395,0.466,0.546,0.845,0,0.578,0.444,0.346,0.406,0.854,0,0.39,0.837,0,0.458,0,0.362,0.613,0.464,0.551,0.604,0.315,0.391,0.458,0.516,0.212,0.894,0.246,0.477,0.449,0.429,0.529,0.915,0.914,0.503,0.443,0.547,0.739,0.386,0.534,0.533,0.54,0.546,0.522,0.477,0.427,0.453,0.87,0.442,0.588,0.545,0.762,0,0.439
"NUP62",0.479,0.382,0.508,0.763,0.477,0.603,0.869,0.463,0,0,0.368,0.463,0.481,0.677,0.382,0.44,0.499,0.832,0,0.582,0.498,0.423,0.402,0.827,0.853,0.373,0.825,0.458,0,0,0.517,0.886,0.653,0.505,0.522,0.51,0.381,0.424,0.473,0.212,0.882,0.4,0.439,0.533,0.327,0.486,0.907,0.91,0.466,0.416,0.484,0.718,0.408,0.483,0.533,0.488,0.496,0.475,0.393,0.427,0.421,0.9,0.7,0.484,0.428,0.762,0,0.423
"OPCML",0,0,0,0.643,0,0,0.824,0,0,0,0,0,0,0.483,0,0,0,0.762,0,0.212,0.212,0,0,0.719,0.853,0,0.776,0,0,0,0,0.853,0.457,0,0.343,0,0,0,0,0.212,0.829,0,0,0.212,0,0,0.872,0.888,0,0,0.212,0.427,0,0,0.533,0,0,0,0,0.427,0,0.9,0.427,0,0,0.762,0,0
"OPN3",0.623,0.532,0.662,0.806,0.635,0.694,0.883,0.612,0,0,0.57,0.595,0.384,0.71,0.532,0.565,0.637,0.85,0,0.718,0.672,0.547,0.508,0.868,0,0.507,0.84,0.362,0.517,0,0,0.482,0.391,0.636,0.598,0.329,0.5,0.595,0.646,0.212,0.888,0.515,0.618,0.617,0.523,0.62,0.915,0.915,0.605,0.565,0.608,0.778,0.571,0.644,0.533,0.65,0.646,0.632,0.555,0.427,0.59,0.9,0.348,0.642,0.637,0.762,0,0.574
"OR10J5",0.897,0.862,0.896,0.907,0.894,0.914,0.911,0.847,0.853,0.853,0.806,0.912,0.484,0.939,0.862,0.896,0.899,0.915,0.853,0.923,0.862,0.894,0.891,0.939,0,0.716,0.888,0.613,0.886,0.853,0.482,0,0.171,0.895,0.868,0.408,0.879,0.874,0.887,0.89,0.939,0.893,0.876,0.907,0.882,0.886,0.94,0.945,0.882,0.882,0.906,0.922,0.875,0.892,0.671,0.889,0.899,0.887,0.87,0.929,0.87,0.946,0.275,0.915,0.889,0.947,0.853,0.878
"OR8B8",0.709,0.638,0.733,0.776,0.704,0.778,0.87,0.678,0.457,0.457,0.638,0.728,0.385,0.788,0.638,0.695,0.725,0.822,0.457,0.792,0.725,0.671,0.653,0.842,0,0.558,0.823,0.464,0.653,0.457,0.391,0.171,0,0.714,0.653,0.331,0.642,0.668,0.732,0.572,0.885,0.666,0.704,0.727,0.646,0.703,0.904,0.905,0.655,0.67,0.7,0.801,0.672,0.716,0.533,0.725,0.71,0.699,0.661,0.689,0.659,0.9,0.3,0.721,0.691,0.762,0.457,0.662
"PAX3",0.583,0.492,0.118,0.394,0.594,0.671,0.881,0.575,0,0,0.529,0.567,0.598,0.706,0.492,0.563,0.109,0.208,0,0.663,0.643,0.364,0.483,0.859,0.853,0.478,0.248,0.551,0.505,0,0.636,0.895,0.714,0,0.626,0.625,0.471,0.549,0.599,0.212,0.862,0.487,0.569,0.598,0.506,0.123,0.914,0.914,0.57,0.522,0.601,0.188,0.527,0.072,0.533,0.607,0.213,0.183,0.557,0.427,0.341,0.9,0.752,0.386,0.421,0.63,0,0.535
"PFN3",0.599,0.413,0.627,0.734,0.575,0.733,0.866,0.566,0.343,0.343,0.459,0.637,0.583,0.724,0.413,0.499,0.627,0.805,0.343,0.724,0.592,0.549,0.527,0.795,0.853,0.419,0.818,0.604,0.522,0.343,0.598,0.868,0.653,0.626,0,0.632,0.447,0.465,0.583,0.509,0.872,0.536,0.511,0.623,0.366,0.602,0.9,0.902,0.537,0.496,0.541,0.763,0.468,0.589,0.533,0.6,0.601,0.569,0.315,0.473,0.454,0.9,0.751,0.67,0.593,0.762,0.343,0.494
"PRLHR",0.61,0.499,0.652,0.8,0.621,0.691,0.883,0.597,0,0,0.545,0.583,0.347,0.69,0.499,0.582,0.626,0.845,0,0.71,0.653,0.525,0.485,0.863,0,0.48,0.838,0.315,0.51,0,0.329,0.408,0.331,0.625,0.632,0,0.471,0.572,0.632,0.212,0.897,0.491,0.597,0.597,0.514,0.608,0.915,0.914,0.59,0.54,0.6,0.77,0.544,0.631,0.533,0.637,0.634,0.617,0.579,0.427,0.565,0.9,0.327,0.636,0.625,0.762,0,0.551
"PTPRN",0.419,0.196,0.467,0.74,0.409,0.602,0.869,0.402,0,0,0.276,0.45,0.409,0.573,0.196,0.424,0.457,0.816,0,0.591,0.441,0.326,0.301,0.803,0.853,0.249,0.824,0.391,0.381,0,0.5,0.879,0.642,0.471,0.447,0.471,0,0.28,0.391,0.212,0.874,0.288,0.31,0.434,0.288,0.436,0.904,0.906,0.398,0.286,0.443,0.647,0.248,0.419,0.533,0.427,0.447,0.404,0.33,0.427,0.273,0.9,0.658,0.535,0.451,0.762,0,0.298
"RASSF1",0.393,0.233,0.566,0.563,0.2,0.665,0.872,0.496,0,0,0.353,0.509,0.513,0.567,0.233,0.492,0.541,0.815,0,0.651,0.5,0.384,0.283,0.403,0.853,0.313,0.823,0.458,0.424,0,0.595,0.874,0.668,0.549,0.465,0.572,0.28,0,0.499,0.212,0.868,0.335,0.405,0.471,0.344,0.515,0.904,0.904,0.404,0.352,0.393,0.724,0.311,0.519,0.533,0.289,0.429,0.369,0.413,0.427,0.349,0.9,0.699,0.597,0.54,0.762,0,0.369
"RGS17",0.567,0.397,0.627,0.786,0.583,0.582,0.673,0.508,0,0,0.473,0.406,0.59,0.62,0.397,0.548,0.598,0.832,0,0.676,0.595,0.468,0.425,0.815,0.853,0.404,0.833,0.516,0.473,0,0.646,0.887,0.732,0.599,0.583,0.632,0.391,0.499,0,0.212,0.882,0.425,0.497,0.473,0.445,0.575,0.91,0.909,0.525,0.469,0.547,0.749,0.459,0.595,0.533,0.545,0.605,0.578,0.52,0.427,0.49,0.796,0.726,0.612,0.597,0.762,0,0.483
"RGS22",0.212,0.212,0.212,0.733,0.212,0.212,0.865,0.212,0.212,0.212,0.212,0.212,0.212,0.632,0.212,0.212,0.212,0.829,0.212,0.395,0.395,0.212,0.212,0.8,0.89,0.212,0.824,0.212,0.212,0.212,0.212,0.89,0.572,0.212,0.509,0.212,0.212,0.212,0.212,0,0.872,0.212,0.212,0.395,0.212,0.212,0.907,0.915,0.212,0.212,0.395,0.583,0.212,0.212,0.62,0.212,0.212,0.212,0.212,0.583,0.212,0.928,0.583,0.212,0.212,0.829,0.212,0.212
"SBK2",0.656,0.868,0.874,0.88,0.863,0.793,0.829,0.714,0.829,0.829,0.841,0.824,0.888,0.939,0.868,0.444,0.879,0.887,0.829,0.829,0.885,0.86,0.875,0.823,0.932,0.788,0.894,0.894,0.882,0.829,0.888,0.939,0.885,0.862,0.872,0.897,0.874,0.868,0.882,0.872,0,0.886,0.882,0.904,0.878,0.854,0.954,0.957,0.854,0.625,0.892,0.891,0.877,0.868,0.768,0.747,0.861,0.865,0.873,0.919,0.832,0.957,0.906,0.86,0.838,0.833,0.829,0.862
"SCT",0.444,0.154,0.487,0.765,0.438,0.615,0.852,0.431,0,0,0.332,0.439,0.443,0.366,0.263,0.381,0.476,0.837,0,0.607,0.295,0.183,0.323,0.829,0.853,0.309,0.836,0.246,0.4,0,0.515,0.893,0.666,0.487,0.536,0.491,0.288,0.335,0.425,0.212,0.886,0,0.361,0.314,0.33,0.457,0.913,0.913,0.425,0.334,0.477,0.706,0.2,0.447,0.533,0.454,0.469,0.434,0.372,0.427,0.329,0.9,0.685,0.553,0.475,0.762,0,0.329
"SERPING1",0.531,0.278,0.592,0.761,0.535,0.671,0.795,0.518,0,0,0.387,0.526,0.543,0.569,0.278,0.512,0.563,0.817,0,0.658,0.525,0.41,0.369,0.824,0.853,0.326,0.826,0.477,0.439,0,0.618,0.876,0.704,0.569,0.511,0.597,0.31,0.405,0.497,0.212,0.882,0.361,0,0.397,0.374,0.538,0.905,0.905,0.319,0.388,0.495,0.729,0.357,0.549,0.533,0.559,0.566,0.529,0.449,0.427,0.394,0.777,0.701,0.593,0.562,0.762,0,0.405
"SFRP2",0.563,0.37,0.594,0.808,0.556,0.686,0.768,0.543,0.212,0.212,0.458,0.584,0.547,0.485,0.413,0.538,0.588,0.862,0.212,0.68,0.51,0.403,0.473,0.859,0.89,0.428,0.862,0.449,0.533,0.212,0.617,0.907,0.727,0.598,0.623,0.597,0.434,0.471,0.473,0.395,0.904,0.314,0.397,0,0.474,0.573,0.928,0.931,0.48,0.471,0.59,0.768,0.32,0.562,0.62,0.566,0.581,0.551,0.499,0.583,0.465,0.841,0.743,0.642,0.576,0.829,0.212,0.345
"SGIP1",0.462,0.259,0.509,0.747,0.457,0.631,0.872,0.45,0,0,0.339,0.413,0.463,0.601,0.259,0.404,0.495,0.822,0,0.588,0.494,0.368,0.339,0.811,0.853,0.312,0.825,0.429,0.327,0,0.523,0.882,0.646,0.506,0.366,0.514,0.288,0.344,0.445,0.212,0.878,0.33,0.374,0.474,0,0.475,0.906,0.908,0.44,0.34,0.391,0.71,0.311,0.467,0.533,0.475,0.489,0.452,0.298,0,0.336,0.9,0.688,0.567,0.494,0.762,0,0.353
"SIM1",0.558,0.452,0.129,0.447,0.571,0.662,0.873,0.551,0,0,0.493,0.548,0.576,0.681,0.452,0.54,0.176,0.309,0,0.668,0.614,0.333,0.455,0.847,0.853,0.436,0.275,0.529,0.486,0,0.62,0.886,0.703,0.123,0.602,0.608,0.436,0.515,0.575,0.212,0.854,0.457,0.538,0.573,0.475,0,0.908,0.91,0.547,0.484,0.569,0.232,0.491,0.149,0.533,0.586,0.232,0.204,0.528,0.427,0.296,0.9,0.734,0.326,0.39,0.536,0,0.503
"SLC2A10",0.916,0.897,0.915,0.93,0.915,0.763,0.932,0.874,0.872,0.872,0.85,0.926,0.908,0.957,0.897,0.914,0.917,0.934,0.872,0.888,0.897,0.914,0.911,0.959,0.929,0.778,0.91,0.915,0.907,0.872,0.915,0.94,0.904,0.914,0.9,0.915,0.904,0.904,0.91,0.907,0.954,0.913,0.905,0.928,0.906,0.908,0,0.274,0.906,0.906,0.928,0.938,0.904,0.913,0.704,0.911,0.917,0.909,0.707,0.943,0.901,0.956,0.906,0.928,0.909,0.957,0.872,0.904
"SLC2A2",0.914,0.9,0.914,0.932,0.913,0.769,0.934,0.871,0.888,0.888,0.853,0.924,0.909,0.961,0.9,0.915,0.916,0.936,0.888,0.9,0.9,0.914,0.912,0.963,0.932,0.772,0.91,0.914,0.91,0.888,0.915,0.945,0.905,0.914,0.902,0.914,0.906,0.904,0.909,0.915,0.957,0.913,0.905,0.931,0.908,0.91,0.274,0,0.908,0.907,0.931,0.938,0.904,0.912,0.748,0.91,0.916,0.91,0.795,0.944,0.903,0.956,0.908,0.928,0.911,0.957,0.888,0.905
"SPOCK2",0.44,0.404,0.586,0.611,0.461,0.655,0.822,0.536,0,0,0.467,0.533,0.553,0.646,0.404,0.522,0.566,0.822,0,0.662,0.588,0.459,0.299,0.714,0.853,0.432,0.825,0.503,0.466,0,0.605,0.882,0.655,0.57,0.537,0.59,0.398,0.404,0.525,0.212,0.854,0.425,0.319,0.48,0.44,0.547,0.906,0.908,0,0.45,0.402,0.741,0.449,0.557,0.533,0.507,0.47,0.434,0.496,0.427,0.47,0.777,0.726,0.59,0.503,0.762,0,0.382
"SYN2",0.275,0.251,0.536,0.738,0.479,0.565,0.876,0.46,0,0,0.347,0.418,0.486,0.58,0.251,0.309,0.516,0.803,0,0.567,0.493,0.366,0.328,0.801,0.853,0.315,0.821,0.443,0.416,0,0.565,0.882,0.67,0.522,0.496,0.54,0.286,0.352,0.469,0.212,0.625,0.334,0.388,0.471,0.34,0.484,0.906,0.907,0.45,0,0.441,0.702,0.313,0.491,0.533,0.499,0.511,0.472,0.398,0.427,0.326,0.9,0.687,0.577,0.509,0.762,0,0.36
"SYT6",0.457,0.419,0.598,0.646,0.456,0.701,0.896,0.549,0.212,0.212,0.47,0.589,0.562,0.711,0.419,0.53,0.592,0.862,0.212,0.691,0.599,0.504,0.259,0.739,0.89,0.451,0.859,0.547,0.484,0.212,0.608,0.906,0.7,0.601,0.541,0.6,0.443,0.393,0.547,0.395,0.892,0.477,0.495,0.59,0.391,0.569,0.928,0.931,0.402,0.441,0,0.777,0.456,0.566,0.62,0.505,0.478,0.436,0.451,0.583,0.471,0.928,0.757,0.652,0.587,0.829,0.212,0.483
"TBX20",0.749,0.686,0.094,0.414,0.758,0.801,0.911,0.73,0.427,0.427,0.692,0.758,0.752,0.856,0.686,0.738,0.143,0.151,0.427,0.809,0.778,0.576,0.7,0.917,0.89,0.646,0.162,0.739,0.718,0.427,0.778,0.922,0.801,0.188,0.763,0.77,0.647,0.724,0.749,0.583,0.891,0.706,0.729,0.768,0.71,0.232,0.938,0.938,0.741,0.702,0.777,0,0.711,0.131,0.62,0.759,0.265,0.25,0.724,0.745,0.515,0.928,0.849,0.496,0.55,0.723,0.427,0.715
"TFF1",0.477,0.159,0.538,0.746,0.473,0.654,0.847,0.463,0,0,0.305,0.492,0.481,0.283,0.184,0.459,0.517,0.814,0,0.634,0.406,0.278,0.322,0.808,0.853,0.265,0.825,0.386,0.408,0,0.571,0.875,0.672,0.527,0.468,0.544,0.248,0.311,0.459,0.212,0.877,0.2,0.357,0.32,0.311,0.491,0.904,0.904,0.449,0.313,0.456,0.711,0,0.487,0.533,0.497,0.513,0.467,0.375,0.427,0.3,0.9,0.682,0.586,0.515,0.762,0,0.331
"TLX3",0.579,0.434,0.07,0.402,0.588,0.681,0.883,0.572,0,0,0.503,0.56,0.594,0.658,0.434,0.555,0.0629999999999999,0.109,0,0.687,0.619,0.363,0.445,0.851,0.853,0.454,0.204,0.534,0.483,0,0.644,0.892,0.716,0.072,0.589,0.631,0.419,0.519,0.595,0.212,0.868,0.447,0.549,0.562,0.467,0.149,0.913,0.912,0.557,0.491,0.566,0.131,0.487,0,0.533,0.606,0.173,0.125,0.534,0.427,0.329,0.9,0.744,0.403,0.43,0.723,0,0.503
"TMEM132B",0.533,0.533,0.533,0.62,0.533,0.533,0.62,0.37,0.533,0.533,0.37,0.533,0.533,0.725,0.533,0.533,0.533,0.62,0.533,0.62,0.533,0.533,0.533,0.725,0.671,0,0.533,0.533,0.533,0.533,0.533,0.671,0.533,0.533,0.533,0.533,0.533,0.533,0.533,0.62,0.768,0.533,0.533,0.62,0.533,0.533,0.704,0.748,0.533,0.533,0.62,0.62,0.533,0.533,0,0.533,0.533,0.533,0.533,0.704,0.533,0.772,0.533,0.533,0.533,0.776,0.533,0.533
"USP44",0.471,0.445,0.633,0.659,0.349,0.637,0.672,0.455,0,0,0.508,0.533,0.602,0.66,0.445,0.491,0.606,0.839,0,0.677,0.623,0.492,0.4,0.394,0.853,0.451,0.834,0.54,0.488,0,0.65,0.889,0.725,0.607,0.6,0.637,0.427,0.289,0.545,0.212,0.747,0.454,0.559,0.566,0.475,0.586,0.911,0.91,0.507,0.499,0.505,0.759,0.497,0.606,0.533,0,0.526,0.494,0.543,0.427,0.522,0.9,0.741,0.626,0.605,0.762,0,0.512
"ZNF177",0.458,0.468,0.17,0.301,0.463,0.68,0.887,0.584,0,0,0.529,0.567,0.602,0.681,0.468,0.563,0.217,0.319,0,0.689,0.64,0.389,0.376,0.712,0.853,0.492,0.424,0.546,0.496,0,0.646,0.899,0.71,0.213,0.601,0.634,0.447,0.429,0.605,0.212,0.861,0.469,0.566,0.581,0.489,0.232,0.917,0.916,0.47,0.511,0.478,0.265,0.513,0.173,0.533,0.526,0,0.142,0.551,0.427,0.371,0.9,0.757,0.396,0.446,0.723,0,0.524
"ZSCAN18",0.421,0.414,0.182,0.342,0.422,0.675,0.877,0.556,0,0,0.483,0.55,0.579,0.65,0.414,0.543,0.163,0.285,0,0.678,0.603,0.416,0.335,0.675,0.853,0.434,0.266,0.522,0.475,0,0.632,0.887,0.699,0.183,0.569,0.617,0.404,0.369,0.578,0.212,0.865,0.434,0.529,0.551,0.452,0.204,0.909,0.91,0.434,0.472,0.436,0.25,0.467,0.125,0.533,0.494,0.142,0,0.517,0.427,0.408,0.9,0.735,0.483,0.516,0.762,0,0.486
"ATP5G2",0.52,0.312,0.574,0.74,0.522,0.572,0.864,0.508,0,0,0.398,0.519,0.529,0.597,0.312,0.414,0.55,0.806,0,0.588,0.532,0.415,0.378,0.801,0.853,0.349,0.817,0.477,0.393,0,0.555,0.87,0.661,0.557,0.315,0.579,0.33,0.413,0.52,0.212,0.873,0.372,0.449,0.499,0.298,0.528,0.707,0.795,0.496,0.398,0.451,0.724,0.375,0.534,0.533,0.543,0.551,0.517,0,0.427,0.404,0.9,0.698,0.599,0.549,0.762,0,0.412
"C1orf114",0.427,0.427,0.427,0.827,0.427,0.427,0.907,0.427,0.427,0.427,0.427,0,0.427,0.784,0.427,0.427,0.427,0.9,0.427,0.583,0.583,0.427,0.427,0.884,0.929,0.427,0.872,0.427,0.427,0.427,0.427,0.929,0.689,0.427,0.473,0.427,0.427,0.427,0.427,0.583,0.919,0.427,0.427,0.583,0,0.427,0.943,0.944,0.427,0.427,0.583,0.745,0.427,0.427,0.704,0.427,0.427,0.427,0.427,0,0.427,0.958,0.745,0.427,0.427,0.9,0.427,0.427
"C5orf20",0.486,0.222,0.397,0.574,0.498,0.658,0.868,0.488,0,0,0.342,0.499,0.506,0.561,0.222,0.477,0.399,0.547,0,0.63,0.489,0.185,0.341,0.798,0.853,0.302,0.705,0.453,0.421,0,0.59,0.87,0.659,0.341,0.454,0.565,0.273,0.349,0.49,0.212,0.832,0.329,0.394,0.465,0.336,0.296,0.901,0.903,0.47,0.326,0.471,0.515,0.3,0.329,0.533,0.522,0.371,0.408,0.404,0.427,0,0.9,0.691,0.371,0.295,0.536,0,0.36
"C7orf16",0.9,0.9,0.9,0.928,0.9,0.826,0.68,0.854,0.9,0.9,0.854,0.9,0.9,0.912,0.9,0.9,0.9,0.928,0.9,0.87,0.9,0.9,0.9,0.964,0.946,0.772,0.9,0.87,0.9,0.9,0.9,0.946,0.9,0.9,0.9,0.9,0.9,0.9,0.796,0.928,0.957,0.9,0.777,0.841,0.9,0.9,0.956,0.956,0.777,0.9,0.928,0.928,0.9,0.9,0.772,0.9,0.9,0.9,0.9,0.958,0.9,0,0.9,0.777,0.9,0.97,0.9,0.9
"DARC",0.744,0.648,0.757,0.852,0.743,0.79,0.872,0.69,0.427,0.427,0.631,0.752,0.314,0.833,0.648,0.73,0.75,0.875,0.427,0.806,0.732,0.706,0.681,0.9,0,0.535,0.84,0.442,0.7,0.427,0.348,0.275,0.3,0.752,0.751,0.327,0.658,0.699,0.726,0.583,0.906,0.685,0.701,0.743,0.688,0.734,0.906,0.908,0.726,0.687,0.757,0.849,0.682,0.744,0.533,0.741,0.757,0.735,0.698,0.745,0.691,0.9,0,0.785,0.748,0.9,0.427,0.691
"H2AFY",0.579,0.567,0.405,0.591,0.618,0.642,0.877,0.608,0,0,0.588,0.543,0.619,0.763,0.567,0.593,0.414,0.576,0,0.694,0.651,0.38,0.533,0.871,0.853,0.564,0.672,0.588,0.484,0,0.642,0.915,0.721,0.386,0.67,0.636,0.535,0.597,0.612,0.212,0.86,0.553,0.593,0.642,0.567,0.326,0.928,0.928,0.59,0.577,0.652,0.496,0.586,0.403,0.533,0.626,0.396,0.483,0.599,0.427,0.371,0.777,0.785,0,0.266,0.536,0,0.585
"HIST1H1A",0.578,0.476,0.462,0.615,0.591,0.668,0.877,0.577,0,0,0.526,0.532,0.593,0.685,0.476,0.558,0.459,0.589,0,0.681,0.555,0.332,0.471,0.836,0.853,0.486,0.714,0.545,0.428,0,0.637,0.889,0.691,0.421,0.593,0.625,0.451,0.54,0.597,0.212,0.838,0.475,0.562,0.576,0.494,0.39,0.909,0.911,0.503,0.509,0.587,0.55,0.515,0.43,0.533,0.605,0.446,0.516,0.549,0.427,0.295,0.9,0.748,0.266,0,0.629,0,0.375
"MIR663",0.762,0.762,0.723,0.758,0.762,0.762,0.929,0.762,0.762,0.762,0.762,0.762,0.762,0.913,0.762,0.762,0.723,0.723,0.762,0.8,0.829,0.536,0.762,0.919,0.947,0.762,0.791,0.762,0.762,0.762,0.762,0.947,0.762,0.63,0.762,0.762,0.762,0.762,0.762,0.829,0.833,0.762,0.762,0.829,0.762,0.536,0.957,0.957,0.762,0.762,0.829,0.723,0.762,0.723,0.776,0.762,0.723,0.762,0.762,0.9,0.536,0.97,0.9,0.536,0.629,0,0.762,0.762
"WDR8",0,0,0,0.643,0,0,0.824,0,0,0,0,0,0,0.483,0,0,0,0.762,0,0.212,0.212,0,0,0.719,0.853,0,0.776,0,0,0,0,0.853,0.457,0,0.343,0,0,0,0,0.212,0.829,0,0,0.212,0,0,0.872,0.888,0,0,0.212,0.427,0,0,0.533,0,0,0,0,0.427,0,0.9,0.427,0,0,0.762,0,0
"WISP1",0.491,0.243,0.546,0.744,0.491,0.651,0.872,0.483,0,0,0.364,0.5,0.497,0.564,0.268,0.47,0.526,0.813,0,0.638,0.456,0.387,0.353,0.803,0.853,0.332,0.827,0.439,0.423,0,0.574,0.878,0.662,0.535,0.494,0.551,0.298,0.369,0.483,0.212,0.862,0.329,0.405,0.345,0.353,0.503,0.904,0.905,0.382,0.36,0.483,0.715,0.331,0.503,0.533,0.512,0.524,0.486,0.412,0.427,0.36,0.9,0.691,0.585,0.375,0.762,0,0
