"","ABHD4","ACAN","ACVR1C","ADAM19","ADAMTS16","ADAMTS20","ADARB2","ADCY4","ADD2","ADHFE1","AHR","AJAP1","AKAP10","ALDH1A2","ALX4","ANK1","ANKRD45","ARHGDIB","ASCL2","BEND6","BHLHE23","BMP3","BNC1","BOLL","C1QTNF3","CACNA1E","CACNA2D3","CALCA","CAPN13","CBFA2T3","CCDC106","CCDC89","CD200","CDX2","CH25H","CHFR","CHST10","CLDN10","CLDN18","CLIP4","CLSTN2","CNR1","COL23A1","COL25A1","COL2A1","COLEC12","CPNE5","CRHR2","CRTAC1","CST7","CUX2","CYP3A43","CYS1","DCD","DDX25","DGKI","DLX5","DMRT3","DOCK10","DOK6","DPYSL5","DTX1","DYDC1","EDNRB","EGFLAM","EOMES","EPHA6","ESRRG","EVX1","EYA4","FBN2","FCGRT","FGF12","FOXI3","FRZB","FSCN3","GAD2","GALR1","GATA4","GDF7","GDNF","GHSR","GJA4","GNAO1","GPR37L1","GREM1","HES3","HOXA5","HOXD10","HOXD13","HOXD4","HOXD8","HOXD9","IFI27","IKZF1","IL21R","IMMP2L","INA","IRX1","ITIH5","KCNA1","KCNAB1","KCNK12","KCNN2","KCNS3","KCNV1","KHDRBS2","KLF6","KRT35","LMX1A","LRFN5","LRRC4","LVRN","MADCAM1","MAL2","MAP3K13","MIR196A1","MKX","MME","MTMR7","MYOM1","NDRG4","NID2","NIPAL4","NIPSNAP1","NKX2-4","NKX2-6","NPBWR1","NPR2","NPR3","NPTX2","NPY","NRCAM","NRG1","NTNG2","NTRK3","OR2L13","OR7G3","PAQR9","PAX9","PCDH17","PEX5L","PHLDB2","PIGB","PIK3R5","PIWIL1","PPP1R16B","PPP1R1C","PRDM14","PRDM2","PROKR2","PRR16","PRTG","PXDN","RAB37","RAB3GAP1","RAB5A","RAX","REC8","RGMA","RGS1","RGS17","RGS22","RIMS1","RIMS2","RSPO3","RUNX3","RXFP3","SALL1","SALL3","SCT","SERPINB5","SFRP1","SH3D19","SH3GL3","SIM1","SLC13A5","SLC15A2","SLC18A3","SLC22A16","SLC35F1","SLC6A15","SLC6A2","SLC7A7","SLCO4C1","SLFN13","SLITRK5","SMAD9","SMAP1","SMO","SNX32","SOCS5","SOX1","SOX17","SOX5","SPSB4","SSTR4","ST6GALNAC5","ST8SIA1","ST8SIA5","STX16","SUSD5","TAS1R1","TBX18","TBX20","TBX5","TCERG1L","TCF4","TIAM1","TM6SF1","TMEFF2","TMEM108","TMEM132A","TNFRSF10A","TNFRSF8","TOX2","TP73","TRIM71","TRPA1","TRPC6","TSPYL5","TUBB6","UNC5C","USP44","VAT1L","VIPR2","VWC2","WRN","WSB1","ZEB1","ZIK1","ZNF132","ZNF134","ZNF135","ZNF154","ZNF331","ZNF461","ZNF471","ZNF529","ZNF570","ZNF582","ZNF626","ZNF793","ZNF804B","ZNF829","ZSCAN23","ZSWIM2","ASAM","C10orf129","C15orf38","C18orf1","C1orf114","C4orf39","C6orf186","C8orf42","CCDC23","CCDC48","FAM159A","FAM65B","GYLTL1B","HDGFRP3","MIR663","MYST2","PCDH21","ST5","TCTEX1D1","WBSCR17","WDR8","ZNF542"
"ABHD4",0,0.59,0.606,0.475,0.675,0.7,0.635,0.55,0.49,0.714,0.589,0.461,0.461,0.751,0.62,0.482,0.427,0.551,0.711,0.712,0.593,0.578,0.792,0.526,0.396,0.868,0.826,0.465,0.546,0.577,0,0,0.472,0.679,0.571,0.559,0.735,0.468,0.468,0.506,0.596,0.562,0.531,0.776,0.595,0.616,0.626,0.647,0.541,0.627,0.813,0.694,0,0.481,0.529,0.578,0.74,0.621,0.483,0,0.379,0.534,0,0.573,0.545,0.726,0.523,0.657,0.811,0.471,0.599,0.487,0.515,0.85,0.461,0.709,0.567,0.626,0.639,0.478,0.473,0.829,0.573,0.528,0.637,0.525,0.674,0.661,0.628,0.744,0.661,0.644,0.814,0.411,0.567,0.642,0.564,0.599,0.816,0.9,0.656,0.666,0.947,0.554,0.901,0.892,0.544,0.646,0.511,0.644,0,0,0.688,0.583,0.555,0.566,0.762,0.85,0.489,0.482,0.479,0.427,0.574,0.575,0.502,0.524,0.826,0.648,0.584,0.587,0.458,0.55,0.476,0.64,0.427,0.556,0.609,0.882,0.764,0.647,0.541,0.72,0.483,0.766,0.78,0.55,0.638,0.575,0.566,0.818,0.615,0,0.626,0.664,0.519,0.592,0.607,0.836,0.502,0.532,0.54,0.522,0.212,0.537,0.48,0.596,0.647,0.887,0.591,0.797,0.465,0.576,0.426,0,0.461,0.596,0.695,0.66,0.667,0.903,0.555,0.711,0.638,0.922,0.905,0.71,0,0.595,0.659,0.583,0.533,0.546,0.651,0.589,0.639,0.563,0.585,0.735,0.508,0.508,0.492,0.643,0.882,0.639,0.757,0.637,0.684,0.587,0.517,0.533,0.427,0.427,0.568,0.495,0.824,0.82,0.535,0.593,0.748,0.646,0.461,0.535,0.561,0.421,0.443,0.83,0.427,0.586,0.533,0.651,0.604,0.797,0.61,0.604,0.797,0.819,0.604,0.797,0.811,0.797,0.811,0.797,0.797,0.643,0.797,0.621,0.62,0,0.688,0,0.343,0.427,0,0.643,0.533,0.551,0.689,0,0.461,0.582,0.625,0.762,0.652,0.631,0.571,0.461,0.662,0,0.756
"ACAN",0.59,0,0.521,0.439,0.589,0.696,0.659,0.442,0.438,0.617,0.571,0.446,0.444,0.826,0.585,0.369,0.429,0.584,0.687,0.641,0.56,0.569,0.595,0.5,0.405,0.713,0.594,0.451,0.898,0.393,0,0,0.449,0.638,0.536,0.468,0.875,0.319,0.319,0.478,0.475,0.528,0.296,0.485,0.319,0.445,0.452,0.601,0.381,0.585,0.795,0.714,0,0.464,0.601,0.44,0.721,0.463,0.473,0,0.524,0.471,0,0.537,0.309,0.715,0.516,0.575,0.8,0.398,0.227,0.466,0.49,0.839,0.444,0.695,0.558,0.584,0.581,0.461,0.461,0.788,0.528,0.465,0.593,0.506,0.642,0.62,0.589,0.69,0.616,0.599,0.805,0.414,0.431,0.592,0.871,0.432,0.795,0.9,0.612,0.673,0.942,0.531,0.888,0.882,0.519,0.497,0.332,0.495,0,0,0.625,0.583,0.404,0.518,0.762,0.839,0.572,0.651,0.383,0.429,0.223,0.53,0.475,0.506,0.814,0.602,0.612,0.555,0.233,0.524,0.46,0.64,0.429,0.538,0.561,0.873,0.723,0.601,0.381,0.709,0.461,0.891,0.718,0.492,0.589,0.53,0.476,0.734,0.566,0,0.605,0.46,0.565,0.552,0.627,0.822,0.475,0.501,0.614,0.569,0.212,0.406,0.334,0.52,0.61,0.876,0.451,0.6,0.452,0.53,0.44,0,0.446,0.562,0.641,0.607,0.612,0.896,0.515,0.658,0.527,0.916,0.896,0.703,0,0.454,0.478,0.545,0.498,0.516,0.608,0.559,0.594,0.521,0.542,0.875,0.563,0.563,0.472,0,0.873,0.601,0.745,0.602,0.671,0.566,0.497,0.533,0.429,0.429,0.551,0.478,0.824,0.78,0.453,0.546,0.709,0.601,0.446,0.405,0.531,0.502,0.451,0.789,0.429,0.631,0.529,0.558,0.433,0.6,0.438,0.433,0.6,0.688,0.433,0.6,0.608,0.6,0.608,0.6,0.6,0,0.6,0.463,0.544,0,0.698,0,0.343,0.427,0,0.853,0.533,0.516,0.175,0,0.444,0.54,0.623,0.762,0.669,0.472,0.527,0.444,0.398,0,0.57
"ACVR1C",0.606,0.521,0,0.472,0.589,0.686,0.685,0.345,0.607,0.637,0.66,0.542,0.538,0.846,0.655,0.58,0.538,0.656,0.75,0.725,0.64,0.658,0.649,0.585,0.522,0.751,0.64,0.554,0.803,0.459,0.212,0.212,0.556,0.673,0.577,0.385,0.84,0.553,0.553,0.568,0.548,0.549,0.589,0.806,0.498,0.513,0.554,0.616,0.452,0.657,0.845,0.718,0.212,0.474,0.499,0.202,0.773,0.528,0.579,0.212,0.584,0.52,0.212,0.595,0.47,0.769,0.345,0.621,0.852,0.419,0.543,0.56,0.582,0.883,0.538,0.76,0.581,0.617,0.655,0.561,0.57,0.765,0.604,0.479,0.592,0.607,0.707,0.681,0.662,0.764,0.684,0.668,0.855,0.536,0.501,0.558,0.799,0.625,0.846,0.928,0.681,0.675,0.963,0.623,0.926,0.921,0.61,0.56,0.573,0.558,0.212,0.212,0.667,0.686,0.592,0.261,0.829,0.883,0.572,0.67,0.564,0.538,0.511,0.604,0.56,0.603,0.862,0.606,0.4,0.592,0.422,0.578,0.564,0.72,0.538,0.319,0.558,0.826,0.726,0.67,0.452,0.775,0.552,0.864,0.798,0.563,0.657,0.604,0.501,0.777,0.575,0.212,0.615,0.629,0.529,0.631,0.565,0.868,0.56,0.552,0.682,0.635,0.395,0.483,0.423,0.656,0.564,0.835,0.523,0.652,0.558,0.605,0.553,0.212,0.542,0.634,0.7,0.671,0.675,0.931,0.592,0.715,0.598,0.945,0.933,0.56,0.212,0.526,0.53,0.579,0.58,0.603,0.669,0.641,0.662,0.597,0.599,0.84,0.575,0.575,0.568,0.733,0.826,0.674,0.797,0.671,0.736,0.65,0.593,0.62,0.538,0.538,0.677,0.518,0.556,0.825,0.547,0.531,0.762,0.651,0.542,0.444,0.563,0.487,0.477,0.765,0.538,0.626,0.544,0.624,0.498,0.652,0.502,0.498,0.652,0.737,0.498,0.652,0.657,0.652,0.657,0.652,0.652,0,0.652,0.528,0.542,0.212,0.543,0.212,0.509,0.583,0.212,0.733,0.62,0.6,0.175,0.212,0.538,0.554,0.704,0.829,0.631,0.579,0.602,0.538,0.513,0.212,0.62
"ADAM19",0.475,0.439,0.472,0,0.223,0.326,0.622,0.417,0.489,0.611,0.572,0.431,0.427,0.837,0.586,0.47,0.436,0.574,0.69,0.688,0.559,0.561,0.609,0.492,0.408,0.73,0.608,0.438,0.5,0.372,0,0,0.444,0.644,0.526,0.411,0.875,0.449,0.449,0.466,0.458,0.524,0.497,0.773,0.46,0.463,0.489,0.604,0.355,0.587,0.817,0.71,0,0.311,0.577,0.426,0.703,0.453,0.483,0,0.457,0.388,0,0.534,0.382,0.721,0.526,0.576,0.825,0.313,0.463,0.454,0.482,0.867,0.427,0.708,0.556,0.586,0.582,0.449,0.452,0.817,0.523,0.447,0.596,0.502,0.643,0.624,0.591,0.726,0.621,0.602,0.826,0.418,0.402,0.595,0.528,0.552,0.82,0.9,0.616,0.641,0.954,0.514,0.91,0.903,0.453,0.491,0.483,0.489,0,0,0.52,0.583,0.508,0.485,0.762,0.867,0.307,0.598,0.453,0.436,0.426,0.525,0.462,0.52,0.839,0.605,0.583,0.554,0.318,0.52,0.448,0.638,0.436,0.522,0.56,0.896,0.764,0.604,0.355,0.71,0.446,0.894,0.762,0.471,0.592,0.525,0.461,0.75,0.566,0,0.605,0.603,0.549,0.551,0.62,0.847,0.462,0.493,0.591,0.553,0.212,0.391,0.308,0.575,0.613,0.9,0.441,0.614,0.441,0.525,0.35,0,0.431,0.562,0.648,0.611,0.617,0.913,0.508,0.666,0.524,0.931,0.918,0.68,0,0.444,0.458,0.543,0.489,0.51,0.612,0.559,0.597,0.514,0.54,0.875,0.554,0.554,0.462,0.643,0.896,0.604,0.751,0.605,0.673,0.565,0.49,0.533,0.436,0.436,0.606,0.47,0.824,0.813,0.446,0.501,0.716,0.604,0.431,0.443,0.527,0.349,0.395,0.818,0.436,0.611,0.492,0.558,0.418,0.614,0.424,0.418,0.614,0.704,0.418,0.614,0.622,0.614,0.622,0.614,0.614,0,0.614,0.453,0.497,0,0.694,0,0.343,0.427,0,0.853,0.533,0.509,0.175,0,0.427,0.536,0.616,0.762,0.63,0.517,0.521,0.427,0.475,0,0.584
"ADAMTS16",0.675,0.589,0.589,0.223,0,0.145,0.626,0.57,0.795,0.521,0.827,0.711,0.728,0.87,0.816,0.776,0.681,0.81,0.864,0.777,0.804,0.824,0.539,0.766,0.691,0.698,0.476,0.765,0.5,0.487,0.643,0.643,0.77,0.836,0.671,0.535,0.875,0.731,0.731,0.758,0.598,0.792,0.764,0.833,0.626,0.614,0.445,0.819,0.472,0.829,0.883,0.707,0.643,0.462,0.767,0.541,0.87,0.6,0.746,0.643,0.686,0.684,0.643,0.792,0.524,0.851,0.735,0.756,0.877,0.412,0.642,0.74,0.776,0.9,0.728,0.833,0.738,0.803,0.786,0.77,0.791,0.878,0.78,0.647,0.812,0.813,0.835,0.825,0.801,0.825,0.831,0.821,0.883,0.726,0.604,0.821,0.433,0.788,0.883,0.946,0.847,0.84,0.967,0.819,0.939,0.931,0.792,0.64,0.731,0.638,0.643,0.643,0.48,0.855,0.758,0.685,0.872,0.9,0.454,0.767,0.767,0.681,0.579,0.781,0.706,0.752,0.885,0.823,0.765,0.758,0.454,0.807,0.774,0.857,0.681,0.776,0.801,0.92,0.818,0.823,0.472,0.857,0.742,0.899,0.829,0.65,0.818,0.78,0.605,0.778,0.807,0.643,0.803,0.682,0.764,0.811,0.804,0.896,0.706,0.772,0.802,0.78,0.733,0.602,0.516,0.799,0.822,0.924,0.623,0.542,0.775,0.781,0.652,0.643,0.711,0.8,0.86,0.838,0.842,0.941,0.758,0.865,0.725,0.952,0.94,0.644,0.643,0.621,0.517,0.806,0.742,0.796,0.819,0.814,0.814,0.767,0.783,0.875,0.775,0.775,0.765,0.79,0.92,0.828,0.88,0.821,0.839,0.818,0.776,0.671,0.681,0.681,0.73,0.775,0.89,0.858,0.708,0.655,0.884,0.818,0.711,0.578,0.805,0.479,0.541,0.878,0.681,0.739,0.727,0.723,0.554,0.542,0.56,0.554,0.542,0.659,0.554,0.542,0.549,0.542,0.549,0.542,0.542,0,0.542,0.6,0.587,0.643,0.672,0.643,0.79,0.827,0.643,0.853,0.671,0.786,0.175,0.643,0.728,0.683,0.84,0.872,0.742,0.447,0.777,0.728,0.425,0.643,0.511
"ADAMTS20",0.7,0.696,0.686,0.326,0.145,0,0.709,0.68,0.846,0.638,0.874,0.77,0.783,0.885,0.861,0.826,0.732,0.845,0.904,0.824,0.849,0.872,0.67,0.819,0.746,0.795,0.624,0.819,0.5,0.624,0.719,0.719,0.824,0.876,0.692,0.636,0.882,0.783,0.783,0.81,0.721,0.837,0.814,0.872,0.731,0.718,0.585,0.858,0.628,0.867,0.919,0.723,0.719,0.563,0.805,0.66,0.908,0.71,0.794,0.719,0.724,0.65,0.719,0.838,0.662,0.893,0.779,0.74,0.906,0.543,0.746,0.796,0.825,0.924,0.783,0.866,0.793,0.847,0.792,0.822,0.843,0.907,0.822,0.74,0.853,0.86,0.876,0.867,0.846,0.867,0.872,0.863,0.914,0.78,0.71,0.858,0.438,0.829,0.918,0.964,0.881,0.876,0.976,0.862,0.954,0.948,0.846,0.74,0.778,0.738,0.719,0.719,0.377,0.896,0.804,0.754,0.919,0.924,0.434,0.786,0.819,0.732,0.699,0.824,0.762,0.798,0.911,0.862,0.805,0.817,0.585,0.854,0.829,0.896,0.732,0.822,0.842,0.939,0.855,0.865,0.628,0.902,0.795,0.904,0.868,0.742,0.856,0.822,0.706,0.74,0.847,0.719,0.844,0.758,0.804,0.852,0.84,0.927,0.762,0.82,0.839,0.815,0.8,0.71,0.646,0.848,0.868,0.942,0.725,0.672,0.829,0.824,0.701,0.719,0.77,0.847,0.888,0.871,0.873,0.957,0.804,0.893,0.8,0.965,0.954,0.566,0.719,0.723,0.651,0.848,0.795,0.842,0.86,0.859,0.856,0.812,0.829,0.882,0.805,0.805,0.817,0.851,0.939,0.871,0.917,0.866,0.876,0.865,0.828,0.725,0.732,0.732,0.771,0.826,0.918,0.888,0.788,0.603,0.912,0.86,0.77,0.677,0.851,0.394,0.44,0.907,0.732,0.791,0.765,0.696,0.675,0.672,0.68,0.675,0.672,0.556,0.675,0.672,0.679,0.672,0.679,0.672,0.672,0.291,0.672,0.71,0.484,0.719,0.748,0.719,0.851,0.884,0.719,0.853,0.725,0.832,0.45,0.719,0.783,0.704,0.886,0.919,0.711,0.598,0.82,0.783,0.556,0.719,0.644
"ADARB2",0.635,0.659,0.685,0.622,0.626,0.709,0,0.636,0.802,0.671,0.698,0.741,0.752,0.859,0.65,0.768,0.701,0.778,0.747,0.628,0.723,0.828,0.611,0.587,0.704,0.787,0.694,0.768,0.794,0.629,0.643,0.643,0.771,0.714,0.699,0.603,0.879,0.742,0.742,0.765,0.704,0.783,0.768,0.844,0.71,0.675,0.588,0.799,0.638,0.805,0.692,0.658,0.643,0.396,0.523,0.636,0.743,0.596,0.733,0.643,0.612,0.725,0.643,0.783,0.648,0.623,0.724,0.698,0.747,0.589,0.696,0.756,0.774,0.802,0.752,0.841,0.732,0.79,0.647,0.771,0.784,0.87,0.775,0.672,0.795,0.799,0.78,0.658,0.721,0.658,0.715,0.722,0.748,0.722,0.535,0.799,0.777,0.78,0.702,0.946,0.818,0.814,0.969,0.803,0.934,0.93,0.532,0.622,0.743,0.617,0.643,0.643,0.696,0.855,0.766,0.719,0.33,0.802,0.672,0.753,0.769,0.701,0.666,0.776,0.742,0.708,0.807,0.801,0.761,0.762,0.573,0.794,0.773,0.856,0.701,0.776,0.786,0.926,0.753,0.727,0.638,0.875,0.759,0.898,0.83,0.44,0.797,0.775,0.409,0.685,0.79,0.643,0.812,0.651,0.743,0.793,0.768,0.763,0.742,0.772,0.793,0.758,0.733,0.468,0.632,0.815,0.72,0.927,0.656,0.633,0.774,0.776,0.739,0.643,0.741,0.653,0.823,0.808,0.81,0.942,0.766,0.829,0.739,0.955,0.942,0.492,0.643,0.655,0.674,0.79,0.759,0.785,0.668,0.737,0.724,0.77,0.777,0.879,0.758,0.758,0.768,0.79,0.926,0.721,0.75,0.661,0.847,0.683,0.774,0.671,0.701,0.701,0.731,0.774,0.89,0.713,0.68,0.591,0.862,0.8,0.741,0.623,0.791,0.608,0.62,0.87,0.701,0.585,0.767,0.701,0.625,0.633,0.628,0.625,0.633,0.691,0.625,0.633,0.621,0.633,0.621,0.633,0.633,0,0.633,0.596,0.719,0.643,0.699,0.643,0.79,0.827,0.643,0.827,0.671,0.779,0.175,0.643,0.752,0.711,0.854,0.33,0.751,0.605,0.774,0.752,0.612,0.643,0.495
"ADCY4",0.55,0.442,0.345,0.417,0.57,0.68,0.636,0,0.442,0.589,0.569,0.435,0.432,0.812,0.582,0.469,0.458,0.585,0.69,0.674,0.563,0.565,0.599,0.492,0.427,0.721,0.594,0.442,0.851,0.375,0,0,0.444,0.617,0.51,0.382,0.863,0.459,0.459,0.471,0.459,0.528,0.5,0.762,0.454,0.466,0.496,0.608,0.36,0.59,0.807,0.679,0,0.434,0.425,0.238,0.724,0.455,0.5,0,0.503,0.46,0,0.538,0.38,0.712,0.361,0.575,0.818,0.367,0.467,0.459,0.486,0.857,0.432,0.715,0.486,0.589,0.552,0.453,0.447,0.814,0.528,0.387,0.599,0.505,0.647,0.62,0.594,0.716,0.624,0.606,0.82,0.432,0.414,0.599,0.849,0.556,0.809,0.9,0.62,0.616,0.954,0.531,0.912,0.904,0.515,0.493,0.494,0.491,0,0,0.641,0.583,0.513,0.38,0.762,0.857,0.549,0.638,0.432,0.458,0.43,0.53,0.467,0.537,0.835,0.609,0.318,0.547,0.334,0.524,0.452,0.619,0.458,0.385,0.565,0.897,0.751,0.608,0.36,0.697,0.451,0.877,0.759,0.439,0.596,0.53,0.45,0.743,0.57,0,0.614,0.588,0.451,0.555,0.506,0.838,0.467,0.498,0.606,0.567,0.212,0.387,0.311,0.573,0.49,0.901,0.443,0.604,0.444,0.531,0.466,0,0.435,0.558,0.652,0.615,0.622,0.913,0.513,0.67,0.526,0.931,0.918,0.505,0,0.446,0.455,0.547,0.494,0.503,0.607,0.561,0.6,0.52,0.544,0.863,0.542,0.542,0.466,0.643,0.897,0.607,0.749,0.601,0.658,0.563,0.465,0.533,0.458,0.458,0.621,0.474,0.824,0.793,0.416,0.53,0.72,0.592,0.435,0.376,0.473,0.471,0.401,0.815,0.458,0.561,0.519,0.561,0.421,0.604,0.426,0.421,0.604,0.699,0.421,0.604,0.61,0.604,0.61,0.604,0.604,0,0.604,0.455,0.524,0,0.509,0,0.343,0.427,0,0.782,0.533,0.514,0.175,0,0.432,0.52,0.621,0.762,0.652,0.53,0.527,0.432,0.507,0,0.568
"ADD2",0.49,0.438,0.607,0.489,0.795,0.846,0.802,0.442,0,0.799,0.498,0.374,0.383,0.84,0.528,0.291,0.373,0.504,0.581,0.674,0.44,0.557,0.79,0.427,0.354,0.845,0.798,0.399,0.898,0.449,0.212,0.212,0.423,0.568,0.517,0.504,0.896,0.308,0.308,0.397,0.524,0.437,0.389,0.735,0.469,0.504,0.666,0.511,0.417,0.433,0.831,0.816,0.212,0.508,0.515,0.485,0.696,0.505,0.427,0.212,0.425,0.497,0.212,0.467,0.438,0.727,0.453,0.575,0.837,0.453,0.429,0.401,0.437,0.872,0.383,0.493,0.47,0.504,0.565,0.405,0.369,0.8,0.427,0.516,0.507,0.434,0.467,0.546,0.518,0.713,0.537,0.513,0.84,0.395,0.489,0.492,0.889,0.284,0.83,0.9,0.532,0.636,0.953,0.404,0.905,0.9,0.485,0.529,0.323,0.528,0.212,0.212,0.753,0.618,0.36,0.461,0.829,0.872,0.521,0.553,0.267,0.373,0.403,0.428,0.399,0.446,0.841,0.513,0.552,0.461,0.416,0.482,0.415,0.61,0.373,0.489,0.46,0.895,0.758,0.515,0.417,0.688,0.393,0.909,0.691,0.473,0.49,0.428,0.518,0.834,0.464,0.212,0.513,0.675,0.467,0.473,0.534,0.855,0.399,0.429,0.514,0.466,0.395,0.475,0.425,0.552,0.554,0.897,0.5,0.792,0.432,0.429,0.438,0.212,0.378,0.443,0.537,0.503,0.507,0.911,0.418,0.558,0.498,0.93,0.914,0.835,0.212,0.501,0.577,0.469,0.414,0.422,0.527,0.512,0.509,0.422,0.454,0.896,0.462,0.462,0.427,0.733,0.895,0.476,0.736,0.546,0.615,0.498,0.399,0.533,0.373,0.373,0.461,0.43,0.824,0.801,0.469,0.531,0.611,0.463,0.399,0.406,0.391,0.489,0.449,0.8,0.373,0.629,0.428,0.552,0.48,0.792,0.483,0.48,0.792,0.837,0.48,0.792,0.797,0.792,0.797,0.792,0.792,0.733,0.792,0.505,0.583,0.212,0.825,0.212,0.509,0.473,0.212,0.853,0.533,0.43,0.773,0.212,0.383,0.519,0.548,0.829,0.64,0.664,0.426,0.383,0.675,0.212,0.775
"ADHFE1",0.714,0.617,0.637,0.611,0.521,0.638,0.671,0.589,0.799,0,0.828,0.733,0.751,0.747,0.819,0.775,0.671,0.823,0.866,0.788,0.808,0.833,0.596,0.777,0.681,0.731,0.563,0.777,0.868,0.546,0.643,0.643,0.781,0.837,0.57,0.596,0.834,0.738,0.738,0.775,0.639,0.8,0.775,0.842,0.655,0.64,0.476,0.822,0.546,0.831,0.883,0.567,0.643,0.598,0.782,0.576,0.872,0.63,0.73,0.643,0.743,0.712,0.643,0.799,0.577,0.854,0.723,0.763,0.872,0.529,0.668,0.758,0.786,0.897,0.751,0.835,0.743,0.808,0.789,0.781,0.796,0.882,0.792,0.672,0.816,0.816,0.844,0.827,0.806,0.827,0.832,0.824,0.879,0.715,0.63,0.824,0.82,0.798,0.883,0.946,0.847,0.717,0.967,0.821,0.934,0.928,0.798,0.663,0.739,0.661,0.643,0.643,0.666,0.855,0.775,0.711,0.872,0.897,0.709,0.815,0.777,0.671,0.617,0.793,0.733,0.735,0.879,0.825,0.77,0.765,0.479,0.811,0.784,0.857,0.671,0.793,0.808,0.918,0.824,0.826,0.546,0.869,0.763,0.862,0.841,0.674,0.822,0.793,0.619,0.784,0.813,0.643,0.811,0.604,0.79,0.815,0.819,0.895,0.733,0.784,0.826,0.803,0.733,0.629,0.563,0.814,0.824,0.921,0.647,0.6,0.783,0.794,0.772,0.643,0.733,0.805,0.858,0.839,0.842,0.939,0.775,0.863,0.734,0.952,0.938,0.686,0.643,0.646,0.578,0.811,0.763,0.803,0.822,0.817,0.818,0.783,0.793,0.834,0.757,0.757,0.777,0.79,0.918,0.83,0.881,0.823,0.844,0.82,0.784,0.671,0.671,0.671,0.71,0.783,0.89,0.866,0.717,0.696,0.884,0.821,0.733,0.587,0.81,0.631,0.399,0.882,0.671,0.749,0.775,0.734,0.596,0.6,0.6,0.596,0.6,0.696,0.596,0.6,0.61,0.6,0.61,0.6,0.6,0,0.6,0.63,0.654,0.643,0.685,0.643,0.79,0.827,0.643,0.79,0.671,0.796,0.175,0.643,0.751,0.683,0.852,0.872,0.774,0.483,0.79,0.751,0.521,0.643,0.566
"AHR",0.589,0.571,0.66,0.572,0.827,0.874,0.698,0.569,0.498,0.828,0,0.518,0.524,0.861,0.205,0.517,0.509,0.586,0.23,0.528,0.176,0.634,0.536,0.477,0.486,0.864,0.829,0.513,0.898,0.532,0,0,0.523,0.201,0.598,0.56,0.913,0.515,0.515,0.54,0.641,0.551,0.539,0.802,0.602,0.583,0.689,0.595,0.551,0.546,0.38,0.778,0,0.508,0.517,0.575,0.307,0.237,0.523,0,0.56,0.53,0,0.563,0.552,0.251,0.541,0.274,0.401,0.566,0.575,0.531,0.54,0.504,0.524,0.738,0.56,0.586,0.172,0.518,0.48,0.823,0.562,0.567,0.591,0.505,0.303,0.177,0.231,0.296,0.211,0.224,0.378,0.442,0.245,0.59,0.903,0.572,0.397,0.9,0.601,0.675,0.962,0.519,0.917,0.914,0.484,0.239,0.54,0.243,0,0,0.781,0.583,0.556,0.555,0.536,0.504,0.576,0.623,0.483,0.509,0.563,0.562,0.538,0.272,0.444,0.595,0.592,0.536,0.513,0.553,0.524,0.646,0.509,0.558,0.575,0.912,0.752,0.22,0.551,0.765,0.532,0.925,0.772,0.519,0.589,0.562,0.389,0.435,0.578,0,0.64,0.696,0.574,0.57,0.604,0.432,0.538,0.547,0.657,0.579,0.212,0.476,0.525,0.644,0.214,0.913,0.275,0.471,0.517,0.563,0.522,0,0.513,0.172,0.616,0.598,0.6,0.925,0.556,0.626,0.6,0.943,0.929,0.763,0,0.258,0.667,0.567,0.548,0.552,0.203,0.191,0.196,0.558,0.567,0.913,0.576,0.576,0.53,0.643,0.912,0.171,0.274,0.17,0.672,0.141,0.538,0.533,0.509,0.509,0.594,0.522,0.824,0.654,0.197,0.57,0.691,0.558,0.521,0.558,0.558,0.584,0.564,0.823,0.509,0.469,0.562,0.252,0.278,0.471,0.327,0.278,0.471,0.499,0.278,0.471,0.515,0.471,0.515,0.471,0.471,0.643,0.471,0.237,0.671,0,0.821,0,0.343,0.427,0,0.853,0.533,0.554,0.689,0,0.524,0.6,0.7,0.536,0.539,0.694,0.561,0.524,0.71,0,0.487
"AJAP1",0.461,0.446,0.542,0.431,0.711,0.77,0.741,0.435,0.374,0.733,0.518,0,0.176,0.8,0.493,0.37,0.24,0.469,0.628,0.576,0.449,0.418,0.709,0.332,0.236,0.805,0.72,0.262,0.898,0.359,0,0,0.27,0.569,0.501,0.469,0.864,0.263,0.263,0.23,0.438,0.372,0.338,0.691,0.487,0.443,0.584,0.492,0.272,0.47,0.773,0.773,0,0.465,0.493,0.433,0.654,0.463,0.357,0,0.304,0.423,0,0.386,0.322,0.658,0.421,0.562,0.788,0.366,0.438,0.185,0.319,0.822,0.176,0.527,0.323,0.468,0.573,0.276,0.332,0.758,0.311,0.412,0.481,0.401,0.504,0.538,0.488,0.666,0.524,0.489,0.797,0.305,0.42,0.464,0.864,0.384,0.772,0.9,0.519,0.602,0.936,0.432,0.886,0.876,0.395,0.508,0.273,0.506,0,0,0.669,0.564,0.289,0.491,0.762,0.822,0.559,0.571,0.303,0.24,0.3,0.313,0.225,0.405,0.808,0.493,0.549,0.469,0.329,0.402,0.275,0.559,0.24,0.422,0.396,0.86,0.674,0.492,0.272,0.589,0.202,0.882,0.508,0.424,0.46,0.313,0.48,0.796,0.403,0,0.433,0.673,0.404,0.407,0.532,0.802,0.225,0.306,0.482,0.407,0.212,0.387,0.279,0.413,0.535,0.866,0.4,0.716,0.287,0.314,0.341,0,0.223,0.453,0.546,0.485,0.493,0.889,0.289,0.58,0.541,0.909,0.887,0.764,0,0.451,0.486,0.397,0.262,0.355,0.514,0.417,0.483,0.299,0.368,0.864,0.399,0.399,0.293,0.643,0.86,0.514,0.686,0.523,0.529,0.472,0.365,0.533,0.24,0.24,0.496,0.341,0.824,0.736,0.451,0.517,0.63,0.508,0.223,0.486,0.395,0.446,0.361,0.759,0.24,0.609,0.312,0.539,0.42,0.716,0.427,0.42,0.716,0.765,0.42,0.716,0.72,0.716,0.72,0.716,0.716,0.643,0.716,0.463,0.5,0,0.794,0,0.343,0.427,0,0.853,0.533,0.328,0.689,0,0.176,0.505,0.465,0.762,0.677,0.582,0.308,0.176,0.578,0,0.686
"AKAP10",0.461,0.444,0.538,0.427,0.728,0.783,0.752,0.432,0.383,0.751,0.524,0.176,0,0.812,0.497,0.373,0.186,0.471,0.633,0.6,0.448,0.392,0.722,0.311,0.191,0.824,0.739,0.229,0.898,0.339,0,0,0.239,0.581,0.507,0.471,0.867,0.224,0.224,0.174,0.416,0.358,0.318,0.7,0.469,0.477,0.594,0.497,0.225,0.472,0.782,0.786,0,0.466,0.498,0.428,0.656,0.464,0.341,0,0.266,0.42,0,0.374,0.295,0.656,0.415,0.571,0.792,0.347,0.436,0.213,0.296,0.825,0.106,0.572,0.434,0.47,0.58,0.246,0.318,0.774,0.274,0.468,0.484,0.396,0.49,0.547,0.492,0.689,0.533,0.494,0.802,0.286,0.416,0.465,0.868,0.369,0.781,0.9,0.527,0.606,0.937,0.43,0.893,0.881,0.387,0.515,0.226,0.512,0,0,0.689,0.583,0.247,0.534,0.762,0.825,0.567,0.586,0.281,0.186,0.375,0.277,0.167,0.396,0.813,0.498,0.557,0.47,0.307,0.395,0.244,0.572,0.186,0.417,0.384,0.862,0.685,0.497,0.225,0.569,0.139,0.884,0.672,0.503,0.46,0.277,0.483,0.805,0.392,0,0.399,0.676,0.393,0.399,0.543,0.809,0.167,0.276,0.467,0.397,0.212,0.378,0.249,0.381,0.542,0.869,0.446,0.73,0.263,0.278,0.327,0,0.176,0.452,0.559,0.489,0.499,0.892,0.247,0.595,0.548,0.911,0.891,0.774,0,0.451,0.469,0.387,0.214,0.338,0.521,0.46,0.487,0.259,0.35,0.867,0.387,0.387,0.265,0.643,0.862,0.521,0.686,0.53,0.5,0.503,0.353,0.533,0.186,0.186,0.487,0.326,0.824,0.747,0.45,0.525,0.638,0.514,0.176,0.49,0.387,0.445,0.341,0.776,0.186,0.662,0.276,0.547,0.414,0.73,0.422,0.414,0.73,0.774,0.414,0.73,0.735,0.73,0.735,0.73,0.73,0.643,0.73,0.464,0.486,0,0.811,0,0.343,0.427,0,0.853,0.533,0.302,0.689,0,0.106,0.512,0.43,0.762,0.692,0.594,0.271,0.106,0.602,0,0.694
"ALDH1A2",0.751,0.826,0.846,0.837,0.87,0.885,0.859,0.812,0.84,0.747,0.861,0.8,0.812,0,0.855,0.816,0.715,0.86,0.892,0.835,0.847,0.87,0.887,0.828,0.726,0.933,0.906,0.827,0.897,0.833,0.727,0.727,0.83,0.858,0.734,0.802,0.854,0.788,0.788,0.827,0.856,0.843,0.826,0.875,0.865,0.826,0.73,0.858,0.824,0.864,0.903,0.72,0.727,0.761,0.825,0.831,0.895,0.848,0.762,0.727,0.798,0.845,0.727,0.842,0.82,0.882,0.758,0.851,0.888,0.82,0.846,0.816,0.833,0.912,0.812,0.86,0.779,0.849,0.868,0.83,0.839,0.905,0.839,0.844,0.854,0.853,0.877,0.859,0.846,0.859,0.864,0.858,0.895,0.755,0.834,0.859,0.839,0.84,0.903,0.956,0.876,0.826,0.972,0.858,0.942,0.938,0.842,0.857,0.787,0.856,0.727,0.727,0.872,0.878,0.826,0.843,0.895,0.912,0.816,0.854,0.826,0.715,0.826,0.84,0.802,0.764,0.893,0.86,0.813,0.832,0.732,0.851,0.833,0.882,0.715,0.838,0.849,0.931,0.808,0.86,0.824,0.901,0.819,0.883,0.877,0.838,0.858,0.839,0.821,0.9,0.852,0.727,0.848,0.768,0.836,0.854,0.856,0.91,0.802,0.832,0.867,0.846,0.793,0.835,0.822,0.858,0.858,0.933,0.847,0.889,0.832,0.84,0.824,0.727,0.741,0.845,0.883,0.87,0.871,0.949,0.826,0.886,0.874,0.96,0.947,0.869,0.727,0.845,0.871,0.851,0.798,0.844,0.856,0.854,0.853,0.832,0.839,0.854,0.807,0.807,0.827,0.835,0.931,0.862,0.902,0.858,0.872,0.855,0.79,0.704,0.715,0.715,0.742,0.83,0.907,0.89,0.846,0.836,0.905,0.856,0.8,0.777,0.85,0.803,0.586,0.905,0.715,0.848,0.827,0.853,0.842,0.889,0.846,0.842,0.889,0.903,0.842,0.889,0.901,0.889,0.901,0.889,0.889,0.835,0.889,0.848,0.859,0.727,0.873,0.727,0.835,0.863,0.727,0.827,0.704,0.84,0.863,0.727,0.812,0.84,0.887,0.895,0.868,0.744,0.838,0.812,0.81,0.727,0.859
"ALX4",0.62,0.585,0.655,0.586,0.816,0.861,0.65,0.582,0.528,0.819,0.205,0.493,0.497,0.855,0,0.502,0.494,0.612,0.149,0.449,0.143,0.606,0.405,0.448,0.465,0.863,0.821,0.493,0.898,0.539,0,0,0.499,0.134,0.633,0.578,0.903,0.504,0.504,0.527,0.619,0.563,0.541,0.784,0.624,0.605,0.666,0.627,0.55,0.613,0.199,0.758,0,0.508,0.523,0.594,0.081,0.162,0.522,0,0.568,0.534,0,0.572,0.552,0.182,0.555,0.23,0.254,0.579,0.592,0.512,0.529,0.353,0.497,0.734,0.574,0.612,0.159,0.502,0.494,0.82,0.572,0.577,0.62,0.534,0.242,0.0649999999999999,0.114,0.151,0.0649999999999999,0.056,0.223,0.461,0.196,0.622,0.894,0.59,0.231,0.9,0.636,0.658,0.956,0.545,0.912,0.906,0.455,0.128,0.537,0.101,0,0,0.77,0.583,0.56,0.598,0.536,0.353,0.639,0.672,0.501,0.494,0.573,0.573,0.524,0.214,0.276,0.628,0.622,0.583,0.504,0.555,0.501,0.629,0.494,0.562,0.597,0.9,0.724,0.085,0.55,0.744,0.512,0.914,0.772,0.514,0.619,0.573,0.349,0.286,0.601,0,0.648,0.687,0.594,0.586,0.643,0.21,0.524,0.543,0.647,0.604,0.212,0.454,0.504,0.622,0.168,0.904,0.228,0.356,0.491,0.573,0.513,0,0.493,0.11,0.664,0.635,0.64,0.916,0.56,0.678,0.625,0.934,0.92,0.715,0,0.233,0.666,0.579,0.545,0.552,0.095,0.138,0.149,0.565,0.58,0.903,0.599,0.599,0.513,0.643,0.9,0.146,0.157,0.115,0.649,0.13,0.529,0.533,0.494,0.494,0.63,0.512,0.824,0.574,0.199,0.591,0.731,0.628,0.493,0.58,0.563,0.611,0.576,0.821,0.494,0.497,0.573,0.249,0.224,0.356,0.295,0.224,0.356,0.377,0.224,0.356,0.38,0.356,0.38,0.356,0.356,0.643,0.356,0.162,0.674,0,0.817,0,0.343,0.427,0,0.853,0.533,0.556,0.689,0,0.497,0.636,0.663,0.536,0.591,0.673,0.57,0.497,0.7,0,0.368
"ANK1",0.482,0.369,0.58,0.47,0.776,0.826,0.768,0.469,0.291,0.775,0.517,0.37,0.373,0.816,0.502,0,0.318,0.479,0.626,0.65,0.474,0.525,0.76,0.427,0.309,0.825,0.781,0.389,0.851,0.443,0,0,0.394,0.546,0.505,0.491,0.866,0.235,0.235,0.398,0.526,0.439,0.359,0.669,0.495,0.488,0.587,0.499,0.417,0.489,0.793,0.78,0,0.487,0.505,0.477,0.667,0.49,0.355,0,0.426,0.452,0,0.452,0.43,0.686,0.4,0.542,0.792,0.448,0.364,0.392,0.382,0.838,0.373,0.511,0.467,0.491,0.549,0.397,0.405,0.777,0.429,0.485,0.493,0.447,0.571,0.525,0.499,0.678,0.521,0.501,0.794,0.302,0.462,0.484,0.859,0.254,0.793,0.854,0.517,0.573,0.937,0.464,0.876,0.87,0.452,0.512,0.237,0.51,0,0,0.73,0.583,0.309,0.481,0.762,0.838,0.541,0.54,0.3,0.318,0.353,0.431,0.396,0.389,0.798,0.501,0.534,0.487,0.353,0.448,0.396,0.592,0.318,0.461,0.456,0.863,0.726,0.502,0.417,0.614,0.385,0.878,0.7,0.497,0.481,0.431,0.499,0.788,0.461,0,0.531,0.601,0.466,0.45,0.53,0.818,0.396,0.416,0.552,0.464,0.212,0.407,0.357,0.531,0.527,0.867,0.475,0.763,0.394,0.432,0.417,0,0.38,0.476,0.534,0.499,0.507,0.881,0.417,0.55,0.53,0.906,0.887,0.81,0,0.476,0.564,0.454,0.412,0.43,0.509,0.481,0.495,0.351,0.449,0.866,0.458,0.458,0.34,0.643,0.863,0.515,0.7,0.516,0.53,0.501,0.414,0.37,0.318,0.318,0.536,0.398,0.754,0.783,0.46,0.513,0.627,0.513,0.38,0.346,0.439,0.481,0.442,0.779,0.318,0.618,0.431,0.526,0.469,0.763,0.474,0.469,0.763,0.801,0.469,0.763,0.774,0.763,0.774,0.763,0.763,0.643,0.763,0.49,0.572,0,0.799,0,0.343,0.427,0,0.79,0.37,0.428,0.689,0,0.373,0.508,0.575,0.762,0.616,0.586,0.428,0.373,0.652,0,0.734
"ANKRD45",0.427,0.429,0.538,0.436,0.681,0.732,0.701,0.458,0.373,0.671,0.509,0.24,0.186,0.715,0.494,0.318,0,0.453,0.608,0.558,0.433,0.43,0.659,0.364,0.042,0.774,0.705,0.283,0.767,0.368,0,0,0.293,0.553,0.487,0.476,0.725,0.19,0.19,0.254,0.453,0.353,0.337,0.637,0.463,0.462,0.364,0.474,0.305,0.461,0.717,0.687,0,0.472,0.506,0.459,0.626,0.481,0.189,0,0.301,0.422,0,0.405,0.359,0.638,0.272,0.539,0.67,0.386,0.423,0.278,0.315,0.714,0.186,0.497,0.456,0.478,0.553,0.3,0.354,0.678,0.315,0.484,0.461,0.418,0.494,0.517,0.488,0.619,0.529,0.489,0.691,0.153,0.425,0.435,0.742,0.356,0.707,0.772,0.517,0.584,0.87,0.44,0.781,0.756,0.428,0.511,0.185,0.508,0,0,0.656,0.583,0.266,0.513,0.762,0.714,0.544,0.534,0.292,0,0.388,0.323,0.247,0.238,0.665,0.48,0.535,0.471,0.183,0.39,0.298,0.546,0,0.421,0.375,0.716,0.58,0.492,0.305,0.593,0.219,0.746,0.617,0.522,0.421,0.326,0.5,0.705,0.393,0,0.372,0.615,0.426,0.402,0.567,0.716,0.247,0.299,0.457,0.404,0.212,0.395,0.302,0.426,0.53,0.736,0.442,0.667,0.309,0.326,0.351,0,0.24,0.436,0.556,0.485,0.514,0.769,0.266,0.57,0.532,0.81,0.774,0.744,0,0.435,0.487,0.392,0.294,0.363,0.486,0.457,0.469,0.288,0.387,0.725,0.382,0.382,0.285,0.643,0.716,0.517,0.646,0.503,0.48,0.484,0.373,0,0,0,0.212,0.313,0.62,0.68,0.432,0.499,0.61,0.519,0.24,0.347,0.383,0.451,0.357,0.685,0,0.637,0.325,0.519,0.434,0.667,0.451,0.434,0.667,0.697,0.434,0.667,0.693,0.667,0.693,0.667,0.667,0.643,0.667,0.481,0.506,0,0.75,0,0.343,0.427,0,0.671,0,0.337,0.689,0,0.186,0.497,0.462,0.762,0.629,0.305,0.309,0.186,0.572,0,0.605
"ARHGDIB",0.551,0.584,0.656,0.574,0.81,0.845,0.778,0.585,0.504,0.823,0.586,0.469,0.471,0.86,0.612,0.479,0.453,0,0.708,0.698,0.587,0.583,0.807,0.527,0.423,0.876,0.837,0.472,0.871,0.547,0,0,0.479,0.668,0.64,0.616,0.892,0.479,0.479,0.51,0.604,0.558,0.531,0.792,0.606,0.608,0.659,0.635,0.539,0.549,0.826,0.819,0,0.569,0.483,0.605,0.743,0.612,0.278,0,0.529,0.538,0,0.568,0.543,0.735,0.546,0.648,0.829,0.565,0.592,0.492,0.491,0.871,0.471,0.726,0.591,0.616,0.634,0.483,0.478,0.836,0.567,0.443,0.626,0.493,0.674,0.65,0.619,0.748,0.649,0.633,0.829,0.429,0.563,0.629,0.83,0.59,0.83,0.796,0.644,0.683,0.957,0.552,0.887,0.876,0.543,0.636,0.517,0.634,0,0,0.779,0.583,0.552,0.571,0.762,0.871,0.616,0.678,0.484,0.453,0.569,0.569,0.506,0.534,0.843,0.636,0.632,0.583,0.475,0.538,0.482,0.589,0.453,0.565,0.599,0.9,0.784,0.635,0.539,0.586,0.49,0.906,0.729,0.594,0.507,0.527,0.61,0.83,0.604,0,0.634,0.73,0.381,0.193,0.489,0.853,0.506,0.531,0.189,0.114,0.212,0.293,0.39,0.606,0.638,0.904,0.586,0.812,0.471,0.537,0.49,0,0.469,0.59,0.679,0.645,0.652,0.916,0.552,0.694,0.63,0.934,0.922,0.824,0,0.589,0.382,0.558,0.533,0.502,0.64,0.584,0.628,0.558,0.578,0.892,0.598,0.598,0.496,0.643,0.9,0.63,0.764,0.629,0.614,0.584,0.39,0.533,0.453,0.453,0.614,0.498,0.824,0.794,0.535,0.641,0.741,0.635,0.469,0.429,0.558,0.569,0.549,0.837,0.453,0.601,0.568,0.642,0.595,0.812,0.601,0.595,0.812,0.838,0.595,0.812,0.823,0.812,0.823,0.812,0.812,0.643,0.812,0.612,0.67,0,0.757,0,0.343,0.427,0,0.853,0.533,0.444,0.689,0,0.471,0.646,0.63,0.762,0.719,0.668,0.365,0.471,0.719,0,0.778
"ASCL2",0.711,0.687,0.75,0.69,0.864,0.904,0.747,0.69,0.581,0.866,0.23,0.628,0.633,0.892,0.149,0.626,0.608,0.708,0,0.572,0.117,0.721,0.454,0.608,0.591,0.899,0.867,0.631,0.927,0.642,0.212,0.212,0.635,0.113,0.721,0.682,0.924,0.629,0.629,0.655,0.728,0.674,0.659,0.836,0.699,0.702,0.724,0.715,0.668,0.686,0.152,0.815,0.212,0.629,0.643,0.697,0.152,0.174,0.629,0.212,0.678,0.643,0.212,0.681,0.668,0.198,0.651,0.262,0.212,0.685,0.693,0.642,0.653,0.27,0.633,0.8,0.683,0.705,0.2,0.636,0.612,0.862,0.681,0.687,0.711,0.64,0.149,0.122,0.132,0.184,0.083,0.111,0.153,0.566,0.279,0.712,0.916,0.691,0.175,0.928,0.722,0.769,0.968,0.653,0.93,0.926,0.619,0.143,0.65,0.152,0.212,0.212,0.827,0.686,0.672,0.686,0.723,0.27,0.71,0.747,0.613,0.608,0.68,0.682,0.65,0.206,0.218,0.717,0.713,0.669,0.615,0.67,0.638,0.714,0.608,0.674,0.696,0.923,0.782,0.101,0.668,0.827,0.644,0.936,0.827,0.653,0.71,0.681,0.449,0.267,0.699,0.212,0.742,0.763,0.696,0.69,0.729,0.176,0.65,0.662,0.744,0.701,0.395,0.596,0.637,0.73,0.185,0.925,0.193,0.291,0.629,0.682,0.64,0.212,0.628,0.186,0.74,0.721,0.724,0.937,0.672,0.749,0.717,0.951,0.939,0.797,0.212,0.234,0.757,0.685,0.664,0.669,0.152,0.142,0.151,0.676,0.686,0.924,0.698,0.698,0.642,0.733,0.923,0.108,0.11,0.157,0.723,0.166,0.652,0.62,0.608,0.608,0.651,0.639,0.865,0.665,0.209,0.703,0.799,0.698,0.628,0.669,0.676,0.705,0.683,0.862,0.608,0.635,0.681,0.191,0.215,0.291,0.23,0.215,0.291,0.307,0.215,0.291,0.311,0.291,0.311,0.291,0.291,0.733,0.291,0.174,0.764,0.212,0.865,0.212,0.509,0.583,0.212,0.89,0.62,0.672,0.773,0.212,0.633,0.723,0.769,0.723,0.637,0.726,0.68,0.633,0.766,0.212,0.469
"BEND6",0.712,0.641,0.725,0.688,0.777,0.824,0.628,0.674,0.674,0.788,0.528,0.576,0.6,0.835,0.449,0.65,0.558,0.698,0.572,0,0.507,0.704,0.574,0.528,0.56,0.846,0.786,0.631,0.898,0.372,0.457,0.457,0.638,0.507,0.721,0.656,0.879,0.606,0.606,0.63,0.679,0.675,0.64,0.74,0.711,0.671,0.621,0.712,0.624,0.688,0.493,0.753,0.457,0.578,0.61,0.672,0.557,0.513,0.61,0.457,0.656,0.584,0.457,0.671,0.615,0.372,0.635,0.601,0.548,0.659,0.683,0.607,0.615,0.638,0.6,0.755,0.636,0.688,0.504,0.638,0.659,0.801,0.663,0.682,0.701,0.683,0.588,0.444,0.421,0.353,0.519,0.522,0.56,0.591,0.427,0.715,0.876,0.677,0.502,0.838,0.748,0.741,0.943,0.706,0.859,0.834,0.549,0.543,0.612,0.536,0.457,0.457,0.734,0.763,0.641,0.707,0.536,0.638,0.714,0.767,0.638,0.558,0.638,0.665,0.577,0.542,0.638,0.713,0.7,0.653,0.555,0.667,0.64,0.653,0.558,0.681,0.689,0.876,0.688,0.531,0.624,0.757,0.614,0.893,0.697,0.576,0.648,0.649,0.489,0.604,0.696,0.457,0.703,0.736,0.685,0.666,0.736,0.585,0.394,0.649,0.708,0.679,0.572,0.549,0.619,0.687,0.531,0.881,0.588,0.611,0.64,0.653,0.646,0.457,0.576,0.434,0.766,0.736,0.744,0.899,0.641,0.776,0.74,0.918,0.901,0.687,0.457,0.567,0.69,0.683,0.614,0.657,0.457,0.564,0.515,0.651,0.661,0.879,0.692,0.692,0.638,0.643,0.876,0.533,0.57,0.45,0.486,0.499,0.633,0.533,0.558,0.558,0.626,0.649,0.824,0.308,0.58,0.664,0.803,0.732,0.424,0.654,0.686,0.698,0.654,0.802,0.558,0.508,0.664,0.487,0.563,0.611,0.586,0.563,0.611,0.637,0.563,0.611,0.616,0.611,0.616,0.611,0.611,0.643,0.611,0.513,0.732,0.457,0.805,0.457,0.643,0.689,0.457,0.853,0.533,0.64,0.689,0.457,0.6,0.725,0.725,0.536,0.661,0.626,0.635,0.6,0.659,0.457,0.418
"BHLHE23",0.593,0.56,0.64,0.559,0.804,0.849,0.723,0.563,0.44,0.808,0.176,0.449,0.448,0.847,0.143,0.474,0.433,0.587,0.117,0.507,0,0.573,0.401,0.473,0.408,0.855,0.809,0.454,0.898,0.482,0,0,0.46,0.1,0.61,0.576,0.89,0.459,0.459,0.482,0.587,0.531,0.507,0.77,0.57,0.582,0.634,0.604,0.508,0.575,0.223,0.784,0,0.53,0.557,0.573,0.174,0.116,0.476,0,0.528,0.494,0,0.541,0.515,0.224,0.52,0.247,0.18,0.544,0.565,0.47,0.494,0.306,0.448,0.704,0.562,0.587,0.195,0.464,0.453,0.813,0.532,0.56,0.596,0.499,0.11,0.08,0.114,0.178,0.096,0.108,0.193,0.417,0.179,0.595,0.883,0.557,0.221,0.9,0.615,0.676,0.95,0.523,0.901,0.895,0.497,0.13,0.49,0.152,0,0,0.758,0.583,0.519,0.58,0.723,0.306,0.614,0.654,0.454,0.433,0.541,0.534,0.479,0.153,0.245,0.605,0.615,0.552,0.456,0.527,0.463,0.594,0.433,0.542,0.565,0.887,0.728,0.083,0.508,0.717,0.465,0.903,0.758,0.553,0.592,0.534,0.422,0.337,0.569,0,0.611,0.699,0.57,0.556,0.633,0.23,0.479,0.505,0.618,0.572,0.212,0.471,0.466,0.587,0.137,0.891,0.178,0.311,0.455,0.534,0.481,0,0.449,0.119,0.643,0.61,0.616,0.906,0.519,0.661,0.609,0.925,0.909,0.771,0,0.147,0.636,0.548,0.502,0.519,0.114,0.148,0.072,0.525,0.546,0.89,0.567,0.567,0.475,0.643,0.887,0.106,0.198,0.138,0.582,0.115,0.499,0.533,0.433,0.433,0.532,0.481,0.824,0.622,0.187,0.604,0.713,0.594,0.449,0.553,0.534,0.583,0.541,0.814,0.433,0.591,0.534,0.152,0.164,0.311,0.241,0.164,0.311,0.335,0.164,0.311,0.415,0.311,0.415,0.311,0.311,0.643,0.311,0.116,0.646,0,0.827,0,0.343,0.427,0,0.853,0.533,0.519,0.689,0,0.448,0.614,0.629,0.723,0.588,0.639,0.531,0.448,0.686,0,0.376
"BMP3",0.578,0.569,0.658,0.561,0.824,0.872,0.828,0.565,0.557,0.833,0.634,0.418,0.392,0.87,0.606,0.525,0.43,0.583,0.721,0.704,0.573,0,0.818,0.493,0.425,0.881,0.83,0.295,0.927,0.502,0.212,0.212,0.455,0.659,0.608,0.585,0.918,0.444,0.444,0.432,0.592,0.519,0.494,0.797,0.57,0.591,0.709,0.6,0.455,0.578,0.855,0.85,0.212,0.582,0.602,0.56,0.751,0.583,0.506,0.212,0.475,0.524,0.212,0.5,0.486,0.762,0.549,0.658,0.86,0.515,0.459,0.441,0.295,0.892,0.392,0.714,0.562,0.585,0.672,0.163,0.224,0.836,0.479,0.534,0.593,0.299,0.636,0.636,0.599,0.762,0.626,0.6,0.863,0.471,0.553,0.58,0.91,0.525,0.856,0.912,0.622,0.695,0.964,0.564,0.899,0.887,0.541,0.615,0.452,0.614,0.212,0.212,0.785,0.495,0.464,0.634,0.829,0.892,0.654,0.659,0.473,0.43,0.528,0.481,0.422,0.538,0.869,0.602,0.643,0.586,0.486,0.378,0.46,0.313,0.43,0.554,0.534,0.915,0.788,0.602,0.455,0.728,0.411,0.929,0.774,0.614,0.563,0.477,0.594,0.865,0.539,0.212,0.591,0.731,0.54,0.538,0.628,0.879,0.422,0.427,0.615,0.537,0.395,0.528,0.459,0.326,0.637,0.918,0.572,0.822,0.209,0.479,0.472,0.212,0.418,0.576,0.638,0.595,0.599,0.932,0.464,0.663,0.643,0.946,0.934,0.854,0.212,0.575,0.619,0.492,0.449,0.443,0.617,0.583,0.595,0.471,0.517,0.918,0.537,0.537,0.466,0.733,0.915,0.621,0.783,0.628,0.663,0.615,0.49,0.62,0.43,0.43,0.665,0.497,0.865,0.807,0.579,0.621,0.718,0.613,0.418,0.596,0.539,0.57,0.512,0.836,0.43,0.733,0.48,0.637,0.552,0.822,0.557,0.552,0.822,0.863,0.552,0.822,0.825,0.822,0.825,0.822,0.822,0.733,0.822,0.583,0.635,0.212,0.863,0.212,0.509,0.583,0.212,0.89,0.62,0.487,0.773,0.212,0.392,0.612,0.352,0.829,0.736,0.712,0.474,0.392,0.712,0.212,0.801
"BNC1",0.792,0.595,0.649,0.609,0.539,0.67,0.611,0.599,0.79,0.596,0.536,0.709,0.722,0.887,0.405,0.76,0.659,0.807,0.454,0.574,0.401,0.818,0,0.703,0.671,0.717,0.545,0.756,0.927,0.469,0.643,0.643,0.76,0.392,0.691,0.588,0.91,0.716,0.716,0.746,0.624,0.773,0.751,0.824,0.642,0.618,0.467,0.796,0.517,0.806,0.401,0.717,0.643,0.561,0.737,0.567,0.397,0.271,0.718,0.643,0.754,0.672,0.643,0.776,0.553,0.438,0.721,0.454,0.344,0.524,0.643,0.734,0.761,0.528,0.722,0.821,0.738,0.786,0.395,0.76,0.781,0.86,0.759,0.664,0.79,0.801,0.536,0.35,0.403,0.35,0.373,0.36,0.372,0.705,0.338,0.794,0.905,0.765,0.405,0.928,0.824,0.836,0.96,0.805,0.925,0.917,0.732,0.26,0.712,0.248,0.643,0.643,0.659,0.855,0.74,0.719,0.758,0.528,0.73,0.834,0.755,0.659,0.592,0.761,0.704,0.523,0.417,0.8,0.79,0.748,0.471,0.79,0.764,0.816,0.659,0.78,0.776,0.907,0.774,0.373,0.517,0.858,0.734,0.924,0.815,0.623,0.791,0.76,0.468,0.386,0.782,0.643,0.79,0.68,0.775,0.789,0.808,0.367,0.704,0.755,0.819,0.786,0.733,0.562,0.542,0.796,0.442,0.911,0.41,0.292,0.765,0.761,0.764,0.643,0.709,0.447,0.833,0.811,0.816,0.927,0.74,0.838,0.717,0.942,0.928,0.652,0.643,0.357,0.557,0.785,0.734,0.779,0.403,0.488,0.397,0.749,0.765,0.91,0.779,0.779,0.752,0.79,0.907,0.449,0.414,0.427,0.743,0.476,0.765,0.62,0.659,0.659,0.7,0.761,0.865,0.654,0.466,0.685,0.863,0.8,0.709,0.583,0.786,0.659,0.607,0.861,0.659,0.664,0.76,0.43,0.342,0.292,0.391,0.342,0.292,0.389,0.342,0.292,0.314,0.292,0.314,0.292,0.292,0,0.292,0.271,0.657,0.643,0.711,0.643,0.79,0.827,0.643,0.89,0.62,0.768,0.175,0.643,0.722,0.696,0.839,0.758,0.694,0.473,0.757,0.722,0.524,0.643,0.197
"BOLL",0.526,0.5,0.585,0.492,0.766,0.819,0.587,0.492,0.427,0.777,0.477,0.332,0.311,0.828,0.448,0.427,0.364,0.527,0.608,0.528,0.473,0.493,0.703,0,0.282,0.836,0.773,0.299,0.898,0.448,0,0,0.36,0.557,0.554,0.502,0.887,0.305,0.305,0.356,0.51,0.396,0.366,0.737,0.506,0.526,0.634,0.546,0.39,0.512,0.688,0.747,0,0.401,0.415,0.496,0.621,0.486,0.436,0,0.418,0.474,0,0.461,0.416,0.552,0.486,0.57,0.735,0.454,0.499,0.358,0.402,0.784,0.311,0.66,0.488,0.526,0.524,0.312,0.379,0.788,0.423,0.506,0.537,0.438,0.55,0.492,0.505,0.608,0.527,0.506,0.742,0.331,0.393,0.529,0.882,0.47,0.69,0.9,0.566,0.633,0.947,0.467,0.902,0.894,0.292,0.524,0.391,0.519,0,0,0.719,0.583,0.405,0.52,0.37,0.784,0.579,0.613,0.316,0.364,0.461,0.425,0.352,0.466,0.785,0.548,0.544,0.5,0.411,0.46,0.363,0.61,0.364,0.474,0.48,0.884,0.681,0.511,0.39,0.656,0.333,0.9,0.713,0.397,0.525,0.425,0.389,0.741,0.486,0,0.43,0.662,0.481,0.479,0.576,0.747,0.352,0.403,0.549,0.49,0.212,0.331,0.367,0.499,0.532,0.888,0.492,0.721,0.365,0.426,0.363,0,0.271,0.419,0.595,0.547,0.554,0.904,0.405,0.62,0.573,0.923,0.907,0.656,0,0.496,0.562,0.47,0.383,0.434,0.477,0.475,0.499,0.413,0.456,0.887,0.483,0.483,0.379,0.643,0.884,0.501,0.649,0.478,0.614,0.44,0.427,0.533,0.364,0.364,0.499,0.363,0.824,0.664,0.436,0.499,0.605,0.541,0.332,0.532,0.461,0.514,0.45,0.789,0.364,0.598,0.424,0.562,0.48,0.721,0.486,0.48,0.721,0.753,0.48,0.721,0.707,0.721,0.707,0.721,0.721,0.643,0.721,0.486,0.574,0,0.803,0,0.343,0.427,0,0.853,0.533,0.422,0.689,0,0.311,0.559,0.547,0.37,0.688,0.641,0.421,0.311,0.636,0,0.595
