"","ACTBL2","ADAMTS16","ADCY4","B3GALT1","BMP10","BTG4","C10orf90","C1D","CCL7","CD40","CHL1","CLDN17","CLRN1","CLSTN2","CMTM3","CNTNAP2","COL23A1","COL4A1","DOK6","DRD4","EFS","ESRRG","EYA4","FBN2","FIGN","FLG","FOXI2","GAP43","GATA2","GFRAL","GPR26","GRIK3","GSC2","HMGCLL1","IKZF1","INA","IRX4","ITGA8","KCNA1","KCNG1","KIFC3","KRTAP24-1","KY","LRRFIP1","MIR124-3","MMP26","NALCN","NDRG4","NPR3","NTM","OR10J5","PCDH10","PDE4B","PIGB","PODN","PPP1R16B","PTPN5","RASGRF1","RIMS4","SALL1","SCN7A","SHISA2","SIRPD","SIRPG","SLC18A3","SLC4A11","SLC6A15","SLITRK5","SORCS1","SOX17","SOX21","ST6GALNAC5","SUB1","TBX5","THBS4","TMEM196","TRDN","TRPC6","TWIST1","TYR","UNC5C","UNC5D","UNCX","VSTM2B","ZNF132","ZNF135","ZNF229","ZNF334","ZNF793","C6orf186","C8orf42","FAM19A4","FAM5C","WDR8"
"ACTBL2",0,0.547,0.378,0.53,0.353,0.492,0.425,0.482,0.454,0.413,0.372,0.672,0.531,0.509,0.427,0.43,0.492,0.499,0.489,0.377,0.5,0.579,0.492,0.554,0.457,0.477,0.621,0.448,0.488,0.522,0.313,0.468,0.621,0.42,0.53,0.344,0.621,0.515,0.398,0.679,0.481,0.526,0.472,0.399,0.853,0.52,0.664,0.45,0.502,0.465,0.313,0.313,0.49,0.532,0.405,0.409,0.375,0.436,0.623,0.46,0.708,0.668,0.503,0.505,0.64,0.607,0.505,0.569,0.48,0.595,0.581,0.59,0.492,0.514,0.405,0.403,0.432,0.434,0.579,0.463,0.479,0.582,0.621,0,0.489,0.489,0.489,0.489,0.489,0.197,0.456,0,0.403,0.536
"ADAMTS16",0.547,0,0.543,0.583,0.353,0.597,0.611,0.701,0.202,0.596,0.531,0.646,0.626,0.673,0.524,0.646,0.398,0.274,0.573,0.578,0.567,0.698,0.613,0.082,0.652,0.517,0.693,0.628,0.658,0.662,0.543,0.692,0.693,0.606,0.676,0.591,0.693,0.648,0.632,0.63,0.71,0.658,0.622,0.596,0.853,0.099,0.618,0.632,0.57,0.323,0.543,0.543,0.686,0.587,0.25,0.569,0.571,0.595,0.69,0.653,0.712,0.78,0.271,0.5,0.756,0.637,0.5,0.601,0.568,0.711,0.623,0.807,0.698,0.674,0.317,0.514,0.668,0.573,0.698,0.675,0.597,0.5,0.693,0.457,0.732,0.732,0.732,0.732,0.732,0,0.623,0.197,0.46,0.675
"ADCY4",0.378,0.543,0,0.36,0.412,0.442,0.306,0.542,0.555,0.425,0.191,0.446,0.438,0.432,0.477,0.387,0.471,0.595,0.352,0.234,0.251,0.647,0.426,0.57,0.485,0.36,0.649,0.288,0.496,0.474,0,0.371,0.649,0.285,0.551,0.493,0.649,0.446,0.397,0.394,0.637,0.51,0.426,0.267,0.853,0.582,0.393,0.258,0.46,0.301,0,0,0.458,0.365,0.435,0.269,0.276,0.229,0.544,0.484,0.595,0.629,0.338,0.21,0.528,0.37,0.21,0.44,0.317,0.663,0.602,0.59,0.71,0.544,0.559,0.173,0.349,0.224,0.647,0.421,0.357,0.338,0.649,0,0.604,0.604,0.604,0.604,0.604,0.457,0.411,0.531,0.283,0.531
"B3GALT1",0.53,0.583,0.36,0,0.528,0.538,0.558,0.631,0.563,0.514,0.413,0.542,0.592,0.438,0.538,0.511,0.539,0.59,0.556,0.45,0.487,0.607,0.54,0.623,0.634,0.546,0.6,0.566,0.595,0.576,0.313,0.636,0.6,0.334,0.619,0.641,0.6,0.546,0.566,0.523,0.626,0.651,0.605,0.504,0.853,0.624,0.486,0.449,0.562,0.376,0.313,0.313,0.647,0.196,0.57,0.497,0.345,0.533,0.635,0.597,0.719,0.466,0.461,0.244,0.574,0.455,0.244,0.547,0.146,0.635,0.563,0,0.662,0.633,0.543,0.28,0.418,0.389,0.607,0.575,0.581,0.461,0.6,0,0.548,0.548,0.548,0.548,0.548,0.457,0.513,0.531,0.532,0.666
"BMP10",0.353,0.353,0.412,0.528,0,0.405,0.416,0.501,0.237,0.471,0.52,0.687,0.57,0.528,0.298,0.543,0.396,0.4,0.323,0.566,0.427,0.6,0.387,0.412,0.43,0.459,0.595,0.54,0.458,0.609,0.627,0.683,0.595,0.397,0.523,0.328,0.595,0.545,0.534,0.688,0.545,0.461,0.265,0.396,0.853,0.376,0.676,0.449,0.591,0.377,0.627,0.627,0.475,0.532,0.231,0.399,0.464,0.511,0.658,0.44,0.702,0.617,0.355,0.533,0.694,0.683,0.533,0.638,0.478,0.62,0.549,0.59,0.589,0.509,0.348,0.337,0.482,0.447,0.6,0.399,0.522,0.403,0.595,0.457,0.604,0.604,0.604,0.604,0.604,0,0.382,0,0.284,0.491
"BTG4",0.492,0.597,0.442,0.538,0.405,0,0.43,0.289,0.583,0.556,0.618,0.732,0.623,0.627,0.38,0.613,0.581,0.604,0.276,0.616,0.432,0.355,0.123,0.636,0.369,0.33,0.366,0.576,0.196,0.556,0.67,0.717,0.366,0.351,0.254,0.478,0.366,0.637,0.595,0.739,0.586,0.469,0.364,0.25,0.671,0.642,0.725,0.415,0.58,0.598,0.67,0.67,0.459,0.541,0.418,0.251,0.416,0.529,0.704,0.258,0.745,0.5,0.599,0.599,0.71,0.695,0.599,0.631,0.442,0.352,0.182,0.548,0.382,0.266,0.538,0.334,0.435,0.48,0.355,0.298,0.651,0.599,0.366,0.531,0,0,0,0,0,0.531,0.129,0.588,0.387,0.483
"C10orf90",0.425,0.611,0.306,0.558,0.416,0.43,0,0.482,0.627,0.483,0.512,0.587,0.4,0.606,0.448,0.562,0.536,0.63,0.313,0.339,0.302,0.534,0.406,0.619,0.244,0.314,0.521,0.422,0.469,0.372,0,0.589,0.521,0.355,0.473,0.418,0.521,0.507,0.49,0.544,0.397,0.377,0.224,0.122,0.871,0.641,0.561,0.271,0.581,0.472,0,0,0.354,0.563,0.423,0.326,0.351,0.356,0.555,0.363,0.714,0.585,0.476,0.448,0.622,0.506,0.448,0.565,0.491,0.561,0.525,0.59,0.634,0.469,0.582,0.328,0.389,0.344,0.534,0.396,0.571,0.476,0.521,0.313,0.604,0.604,0.604,0.604,0.604,0.531,0.347,0.588,0.448,0.198
"C1D",0.482,0.701,0.542,0.631,0.501,0.289,0.482,0,0.693,0.556,0.685,0.783,0.646,0.662,0.475,0.622,0.55,0.579,0.466,0.656,0.543,0.312,0.278,0.707,0.367,0.376,0.413,0.608,0.135,0.459,0.67,0.75,0.413,0.443,0.24,0.522,0.413,0.639,0.6,0.796,0.568,0.572,0.458,0.315,0.733,0.728,0.779,0.461,0.639,0.691,0.67,0.67,0.454,0.633,0.533,0.291,0.374,0.606,0.739,0.242,0.81,0.552,0.702,0.702,0.744,0.736,0.702,0.701,0.535,0.242,0.407,0.548,0.229,0.211,0.572,0.505,0.382,0.562,0.312,0.356,0.701,0.702,0.413,0.531,0,0,0,0,0,0.531,0.254,0.588,0.455,0.498
"CCL7",0.454,0.202,0.555,0.563,0.237,0.583,0.627,0.693,0,0.584,0.506,0.688,0.634,0.668,0.381,0.647,0.471,0.374,0.556,0.587,0.593,0.687,0.596,0.369,0.64,0.644,0.68,0.645,0.646,0.695,0.627,0.712,0.68,0.594,0.667,0.496,0.68,0.661,0.64,0.691,0.661,0.642,0.608,0.614,0.853,0.202,0.67,0.654,0.534,0.271,0.627,0.627,0.683,0.567,0.279,0.578,0.58,0.622,0.693,0.643,0.703,0.77,0.206,0.518,0.782,0.683,0.518,0.635,0.548,0.702,0.613,0.807,0.627,0.666,0.366,0.494,0.674,0.584,0.687,0.667,0.604,0.518,0.68,0.457,0.732,0.732,0.732,0.732,0.732,0,0.611,0,0.4,0.668
"CD40",0.413,0.596,0.425,0.514,0.471,0.556,0.483,0.556,0.584,0,0.337,0.539,0.475,0.471,0.572,0.305,0.384,0.571,0.653,0.454,0.477,0.573,0.559,0.605,0.608,0.471,0.596,0.433,0.557,0.411,0,0.414,0.596,0.487,0.564,0.61,0.596,0.289,0.322,0.469,0.554,0.687,0.631,0.403,0.853,0.596,0.513,0.401,0.389,0.42,0,0,0.556,0.516,0.595,0.375,0.411,0.432,0.604,0.535,0.603,0.647,0.425,0.43,0.562,0.447,0.43,0.509,0.472,0.585,0.564,0.447,0.498,0.571,0.455,0.534,0.42,0.465,0.573,0.538,0.342,0.353,0.596,0.313,0.129,0.129,0.129,0.129,0.129,0.457,0.498,0.407,0.427,0.628
"CHL1",0.372,0.531,0.191,0.413,0.52,0.618,0.512,0.685,0.506,0.337,0,0.485,0.481,0.461,0.571,0.431,0.466,0.578,0.621,0.281,0.447,0.702,0.631,0.558,0.659,0.541,0.7,0.397,0.656,0.516,0,0.4,0.7,0.474,0.675,0.631,0.7,0.426,0.453,0.447,0.612,0.679,0.646,0.482,0.853,0.531,0.446,0.448,0.306,0.321,0,0,0.591,0.415,0.548,0.452,0.393,0.381,0.581,0.654,0.622,0.734,0.356,0.274,0.565,0.368,0.274,0.477,0.418,0.71,0.637,0.661,0.603,0.669,0.489,0.394,0.505,0.374,0.702,0.643,0.38,0.384,0.7,0,0.699,0.699,0.699,0.699,0.699,0.457,0.621,0.407,0.439,0.669
"CLDN17",0.672,0.646,0.446,0.542,0.687,0.732,0.587,0.783,0.688,0.539,0.485,0,0.616,0.668,0.734,0.604,0.566,0.706,0.72,0.512,0.46,0.791,0.746,0.647,0.761,0.613,0.792,0.561,0.748,0.528,0,0.588,0.792,0.614,0.739,0.766,0.792,0.55,0.585,0.358,0.739,0.771,0.745,0.561,0.859,0.664,0.213,0.514,0.49,0.413,0,0,0.706,0.543,0.688,0.565,0.468,0.536,0.598,0.762,0.631,0.817,0.42,0.327,0.641,0.412,0.327,0.47,0.553,0.775,0.746,0.759,0.803,0.727,0.716,0.524,0.616,0.332,0.791,0.769,0.599,0.42,0.792,0.313,0.823,0.823,0.823,0.823,0.823,0.627,0.746,0.67,0.724,0.761
"CLRN1",0.531,0.626,0.438,0.592,0.57,0.623,0.4,0.646,0.634,0.475,0.481,0.616,0,0.583,0.599,0.515,0.545,0.635,0.631,0.426,0.512,0.648,0.635,0.63,0.532,0.546,0.647,0.496,0.649,0.51,0,0.54,0.647,0.564,0.655,0.575,0.647,0.518,0.493,0.584,0.51,0.639,0.528,0.438,0.853,0.657,0.599,0.477,0.592,0.499,0,0,0.537,0.589,0.619,0.453,0.504,0.434,0.604,0.576,0.603,0.711,0.505,0.489,0.534,0.517,0.489,0.588,0.548,0.659,0.605,0.703,0.704,0.626,0.611,0.544,0.553,0.502,0.648,0.576,0.401,0.505,0.647,0.313,0.618,0.618,0.618,0.618,0.618,0.457,0.612,0.531,0.568,0.428
"CLSTN2",0.509,0.673,0.432,0.438,0.528,0.627,0.606,0.662,0.668,0.471,0.461,0.668,0.583,0,0.608,0.388,0.498,0.618,0.654,0.354,0.584,0.678,0.64,0.679,0.678,0.611,0.682,0.411,0.651,0.615,0.427,0.349,0.682,0.449,0.664,0.6,0.682,0.344,0.343,0.658,0.664,0.71,0.668,0.573,0.853,0.7,0.659,0.452,0.66,0.57,0.427,0.427,0.515,0.438,0.651,0.537,0.414,0.531,0.508,0.647,0.735,0.534,0.584,0.563,0.599,0.582,0.563,0.549,0.505,0.686,0.642,0,0.707,0.662,0.566,0.588,0.463,0.58,0.678,0.619,0.384,0.482,0.682,0.457,0.548,0.548,0.548,0.548,0.548,0.457,0.598,0.531,0.474,0.68
"CMTM3",0.427,0.524,0.477,0.538,0.298,0.38,0.448,0.475,0.381,0.572,0.571,0.734,0.599,0.608,0,0.598,0.525,0.48,0.306,0.636,0.484,0.543,0.341,0.577,0.477,0.408,0.542,0.593,0.425,0.668,0.67,0.726,0.542,0.355,0.429,0.421,0.542,0.647,0.554,0.737,0.522,0.432,0.448,0.354,0.871,0.473,0.725,0.425,0.612,0.52,0.67,0.67,0.494,0.53,0.302,0.41,0.418,0.489,0.718,0.429,0.77,0.523,0.516,0.61,0.62,0.646,0.61,0.701,0.498,0.576,0.544,0.481,0.532,0.504,0.411,0.398,0.46,0.511,0.543,0.315,0.663,0.627,0.542,0.531,0.389,0.389,0.389,0.389,0.389,0.197,0.289,0,0.386,0.564
"CNTNAP2",0.43,0.646,0.387,0.511,0.543,0.613,0.562,0.622,0.647,0.305,0.431,0.604,0.515,0.388,0.598,0,0.508,0.618,0.636,0.432,0.543,0.682,0.621,0.653,0.642,0.582,0.694,0.384,0.622,0.592,0.313,0.296,0.694,0.485,0.642,0.617,0.694,0.365,0.19,0.569,0.628,0.683,0.637,0.536,0.853,0.68,0.617,0.482,0.637,0.539,0.313,0.313,0.539,0.526,0.638,0.47,0.469,0.444,0.576,0.613,0.602,0.687,0.567,0.519,0.572,0.597,0.519,0.611,0.463,0.685,0.649,0.292,0.707,0.628,0.573,0.517,0.459,0.447,0.682,0.568,0.337,0.51,0.694,0,0.357,0.357,0.357,0.357,0.357,0.457,0.589,0.531,0.385,0.644
"COL23A1",0.492,0.398,0.471,0.539,0.396,0.581,0.536,0.55,0.471,0.384,0.466,0.566,0.545,0.498,0.525,0.508,0,0.182,0.636,0.515,0.5,0.638,0.619,0.342,0.621,0.404,0.685,0.529,0.536,0.442,0,0.594,0.685,0.484,0.537,0.572,0.685,0.427,0.483,0.537,0.638,0.689,0.648,0.498,0.643,0.367,0.542,0.451,0.4,0.415,0,0,0.631,0.52,0.322,0.461,0.428,0.532,0.622,0.595,0.718,0.642,0.413,0.463,0.612,0.499,0.463,0.481,0.496,0.585,0.598,0.546,0.543,0.505,0.232,0.541,0.395,0.49,0.638,0.615,0.491,0.377,0.685,0.313,0.503,0.503,0.503,0.503,0.503,0.197,0.587,0,0.527,0.626
"COL4A1",0.499,0.274,0.595,0.59,0.4,0.604,0.63,0.579,0.374,0.571,0.578,0.706,0.635,0.618,0.48,0.618,0.182,0,0.634,0.622,0.621,0.626,0.616,0.233,0.618,0.444,0.677,0.648,0.588,0.632,0.613,0.714,0.677,0.516,0.604,0.541,0.677,0.611,0.605,0.709,0.635,0.69,0.645,0.597,0.853,0.275,0.699,0.59,0.602,0.468,0.613,0.613,0.666,0.569,0.223,0.551,0.528,0.642,0.718,0.59,0.774,0.627,0.46,0.616,0.708,0.69,0.616,0.675,0.541,0.635,0.622,0.546,0.564,0.61,0.13,0.592,0.48,0.61,0.626,0.612,0.636,0.616,0.677,0.457,0.503,0.503,0.503,0.503,0.503,0,0.581,0,0.462,0.67
"DOK6",0.489,0.573,0.352,0.556,0.323,0.276,0.313,0.466,0.556,0.653,0.621,0.72,0.631,0.654,0.306,0.636,0.636,0.634,0,0.62,0.311,0.586,0.191,0.627,0.348,0.345,0.574,0.534,0.368,0.683,0.67,0.713,0.574,0.271,0.402,0.415,0.574,0.664,0.58,0.721,0.601,0.217,0.238,0.264,0.871,0.614,0.703,0.356,0.706,0.579,0.67,0.67,0.479,0.564,0.29,0.345,0.393,0.373,0.688,0.366,0.734,0.5,0.576,0.576,0.711,0.714,0.576,0.678,0.478,0.623,0.583,0.59,0.682,0.478,0.577,0.173,0.433,0.414,0.586,0.316,0.65,0.576,0.574,0.531,0.604,0.604,0.604,0.604,0.604,0.531,0.195,0.588,0.356,0.465
"DRD4",0.377,0.578,0.234,0.45,0.566,0.616,0.339,0.656,0.587,0.454,0.281,0.512,0.426,0.354,0.636,0.432,0.515,0.622,0.62,0,0.456,0.659,0.628,0.593,0.494,0.528,0.657,0.302,0.648,0.464,0,0.309,0.657,0.489,0.662,0.519,0.657,0.398,0.373,0.491,0.534,0.651,0.549,0.422,0.853,0.616,0.49,0.461,0.532,0.387,0,0,0.404,0.452,0.608,0.464,0.354,0.409,0.498,0.592,0.648,0.736,0.425,0.329,0.557,0.453,0.329,0.351,0.446,0.671,0.605,0.661,0.716,0.639,0.618,0.423,0.506,0.391,0.659,0.648,0.314,0.425,0.657,0,0.641,0.641,0.641,0.641,0.641,0.457,0.614,0.531,0.467,0.405
"EFS",0.5,0.567,0.251,0.487,0.427,0.432,0.302,0.543,0.593,0.477,0.447,0.46,0.512,0.584,0.484,0.543,0.5,0.621,0.311,0.456,0,0.644,0.4,0.591,0.475,0.352,0.646,0.411,0.492,0.328,0,0.547,0.646,0.355,0.551,0.492,0.646,0.396,0.471,0.408,0.62,0.493,0.404,0.258,0.871,0.598,0.434,0.26,0.494,0.365,0,0,0.516,0.493,0.423,0.291,0.304,0.354,0.535,0.474,0.669,0.62,0.35,0.307,0.577,0.399,0.307,0.433,0.435,0.667,0.617,0.59,0.715,0.554,0.581,0.263,0.397,0.291,0.644,0.408,0.527,0.35,0.646,0.313,0.604,0.604,0.604,0.604,0.604,0.531,0.39,0.588,0.457,0.536
"ESRRG",0.579,0.698,0.647,0.607,0.6,0.355,0.534,0.312,0.687,0.573,0.702,0.791,0.648,0.678,0.543,0.682,0.638,0.626,0.586,0.659,0.644,0,0.279,0.724,0.406,0.438,0.0610000000000001,0.703,0.278,0.475,0.743,0.786,0.0610000000000001,0.526,0.25,0.578,0.0610000000000001,0.688,0.691,0.793,0.525,0.618,0.474,0.351,0.902,0.721,0.783,0.569,0.735,0.697,0.743,0.743,0.528,0.611,0.631,0.377,0.456,0.688,0.738,0.135,0.809,0.471,0.699,0.699,0.779,0.73,0.699,0.768,0.49,0.122,0.173,0.548,0.285,0.307,0.586,0.597,0.471,0.67,0,0.479,0.735,0.699,0.0610000000000001,0.652,0,0,0,0,0,0.652,0.296,0.684,0.546,0.528
"EYA4",0.492,0.613,0.426,0.54,0.387,0.123,0.406,0.278,0.596,0.559,0.631,0.746,0.635,0.64,0.341,0.621,0.619,0.616,0.191,0.628,0.4,0.279,0,0.654,0.327,0.29,0.273,0.574,0.185,0.596,0.67,0.724,0.273,0.325,0.291,0.464,0.273,0.647,0.599,0.753,0.572,0.421,0.314,0.198,0.871,0.648,0.736,0.393,0.696,0.61,0.67,0.67,0.445,0.544,0.379,0.215,0.401,0.51,0.707,0.206,0.768,0.425,0.616,0.616,0.713,0.696,0.616,0.707,0.419,0.367,0.342,0.548,0.4,0.356,0.541,0.284,0.427,0.478,0.279,0.263,0.666,0.616,0.273,0.531,0,0,0,0,0,0.531,0.048,0.588,0.367,0.506
"FBN2",0.554,0.082,0.57,0.623,0.412,0.636,0.619,0.707,0.369,0.605,0.558,0.647,0.63,0.679,0.577,0.653,0.342,0.233,0.627,0.593,0.591,0.724,0.654,0,0.64,0.443,0.726,0.631,0.677,0.66,0.543,0.686,0.726,0.627,0.693,0.585,0.726,0.648,0.634,0.637,0.701,0.652,0.627,0.608,0.853,0.148,0.628,0.635,0.593,0.417,0.543,0.543,0.681,0.626,0.22,0.585,0.587,0.609,0.708,0.671,0.749,0.804,0.398,0.55,0.737,0.64,0.55,0.615,0.613,0.731,0.656,0.807,0.726,0.685,0.276,0.577,0.665,0.591,0.724,0.686,0.606,0.55,0.726,0.457,0.732,0.732,0.732,0.732,0.732,0,0.651,0.197,0.514,0.685
"FIGN",0.457,0.652,0.485,0.634,0.43,0.369,0.244,0.367,0.64,0.608,0.659,0.761,0.532,0.678,0.477,0.642,0.621,0.618,0.348,0.494,0.475,0.406,0.327,0.64,0,0.408,0.453,0.587,0.362,0.527,0.67,0.731,0.453,0.438,0.43,0.404,0.453,0.666,0.615,0.769,0.338,0.393,0.28,0.264,0.871,0.683,0.757,0.468,0.735,0.645,0.67,0.67,0.398,0.639,0.46,0.369,0.451,0.558,0.698,0.301,0.784,0.562,0.654,0.654,0.739,0.734,0.654,0.728,0.548,0.456,0.476,0.59,0.492,0.423,0.594,0.41,0.46,0.519,0.406,0.369,0.677,0.654,0.453,0.531,0.329,0.329,0.329,0.329,0.329,0.531,0.3,0.588,0.457,0.246
"FLG",0.477,0.517,0.36,0.546,0.459,0.33,0.314,0.376,0.644,0.471,0.541,0.613,0.546,0.611,0.408,0.582,0.404,0.444,0.345,0.528,0.352,0.438,0.29,0.443,0.408,0,0.455,0.472,0.344,0.484,0.154,0.631,0.455,0.349,0.359,0.417,0.455,0.535,0.519,0.575,0.579,0.438,0.41,0.185,0.881,0.541,0.588,0.292,0.585,0.515,0.154,0.154,0.439,0.549,0.312,0.254,0.322,0.384,0.626,0.319,0.742,0.559,0.514,0.493,0.641,0.537,0.493,0.591,0.468,0.477,0.462,0.548,0.518,0.422,0.42,0.372,0.366,0.398,0.438,0.391,0.603,0.514,0.455,0.402,0,0,0,0,0,0.573,0.229,0.62,0.444,0.494
"FOXI2",0.621,0.693,0.649,0.6,0.595,0.366,0.521,0.413,0.68,0.596,0.7,0.792,0.647,0.682,0.542,0.694,0.685,0.677,0.574,0.657,0.646,0.0610000000000001,0.273,0.726,0.453,0.455,0,0.709,0.375,0.573,0.743,0.787,0,0.53,0.329,0.572,0,0.702,0.699,0.795,0.529,0.604,0.447,0.358,0.902,0.716,0.782,0.581,0.739,0.693,0.743,0.743,0.545,0.604,0.63,0.431,0.551,0.69,0.734,0.197,0.81,0.465,0.695,0.695,0.781,0.736,0.695,0.768,0.489,0.193,0.147,0.548,0.39,0.375,0.596,0.587,0.545,0.676,0.0610000000000001,0.494,0.737,0.695,0,0.652,0,0,0,0,0,0.652,0.294,0.684,0.557,0.517
"GAP43",0.448,0.628,0.288,0.566,0.54,0.576,0.422,0.608,0.645,0.433,0.397,0.561,0.496,0.411,0.593,0.384,0.529,0.648,0.534,0.302,0.411,0.703,0.574,0.631,0.587,0.472,0.709,0,0.596,0.534,0,0.272,0.709,0.473,0.629,0.505,0.709,0.357,0.293,0.537,0.683,0.626,0.561,0.405,0.871,0.654,0.549,0.356,0.565,0.471,0,0,0.392,0.568,0.57,0.391,0.374,0.364,0.481,0.579,0.663,0.724,0.474,0.454,0.529,0.509,0.454,0.4,0.542,0.711,0.678,0.59,0.749,0.614,0.622,0.464,0.454,0.417,0.703,0.524,0.246,0.474,0.709,0.313,0.604,0.604,0.604,0.604,0.604,0.531,0.541,0.588,0.369,0.592
"GATA2",0.488,0.658,0.496,0.595,0.458,0.196,0.469,0.135,0.646,0.557,0.656,0.748,0.649,0.651,0.425,0.622,0.536,0.588,0.368,0.648,0.492,0.278,0.185,0.677,0.362,0.344,0.375,0.596,0,0.457,0.67,0.734,0.375,0.394,0.167,0.511,0.375,0.64,0.601,0.768,0.575,0.531,0.426,0.277,0.643,0.69,0.739,0.437,0.567,0.649,0.67,0.67,0.448,0.598,0.477,0.244,0.369,0.57,0.73,0.217,0.781,0.515,0.66,0.66,0.731,0.715,0.66,0.63,0.491,0.136,0.352,0.548,0.171,0.115,0.558,0.424,0.381,0.522,0.278,0.32,0.679,0.66,0.375,0.531,0,0,0,0,0,0.531,0.175,0.588,0.423,0.483
"GFRAL",0.522,0.662,0.474,0.576,0.609,0.556,0.372,0.459,0.695,0.411,0.516,0.528,0.51,0.615,0.668,0.592,0.442,0.632,0.683,0.464,0.328,0.475,0.596,0.66,0.527,0.484,0.573,0.534,0.457,0,0,0.6,0.573,0.563,0.444,0.606,0.573,0.398,0.54,0.513,0.561,0.672,0.553,0.36,0.643,0.682,0.519,0.461,0.427,0.468,0,0,0.57,0.576,0.667,0.406,0.35,0.542,0.579,0.456,0.737,0.699,0.48,0.441,0.632,0.477,0.441,0.337,0.528,0.433,0.514,0.637,0.466,0.406,0.637,0.556,0.423,0.475,0.475,0.632,0.576,0.461,0.573,0.313,0.303,0.303,0.303,0.303,0.303,0.627,0.571,0.67,0.648,0.494
"GPR26",0.313,0.543,0,0.313,0.627,0.67,0,0.67,0.627,0,0,0,0,0.427,0.67,0.313,0,0.613,0.67,0,0,0.743,0.67,0.543,0.67,0.154,0.743,0,0.67,0,0,0,0.743,0.313,0.694,0.67,0.743,0,0,0,0.74,0.694,0.67,0,0.903,0.543,0,0,0,0,0,0,0.493,0.313,0.613,0,0,0,0.36,0.67,0.571,0.763,0,0,0,0,0,0,0.313,0.743,0.683,0.759,0.786,0.67,0.613,0.313,0,0,0.743,0.67,0,0,0.743,0.313,0.823,0.823,0.823,0.823,0.823,0.627,0.67,0.67,0.627,0.67
"GRIK3",0.468,0.692,0.371,0.636,0.683,0.717,0.589,0.75,0.712,0.414,0.4,0.588,0.54,0.349,0.726,0.296,0.594,0.714,0.713,0.309,0.547,0.786,0.724,0.686,0.731,0.631,0.787,0.272,0.734,0.6,0,0,0.787,0.638,0.75,0.656,0.787,0.352,0.225,0.528,0.792,0.753,0.723,0.577,0.89,0.711,0.56,0.532,0.617,0.535,0,0,0.533,0.636,0.7,0.519,0.509,0.409,0.483,0.731,0.587,0.818,0.543,0.518,0.516,0.556,0.518,0.494,0.632,0.788,0.755,0.759,0.815,0.738,0.712,0.603,0.614,0.501,0.786,0.736,0.304,0.543,0.787,0.313,0.791,0.791,0.791,0.791,0.791,0.607,0.723,0.648,0.486,0.726
"GSC2",0.621,0.693,0.649,0.6,0.595,0.366,0.521,0.413,0.68,0.596,0.7,0.792,0.647,0.682,0.542,0.694,0.685,0.677,0.574,0.657,0.646,0.0610000000000001,0.273,0.726,0.453,0.455,0,0.709,0.375,0.573,0.743,0.787,0,0.53,0.329,0.572,0,0.702,0.699,0.795,0.529,0.604,0.447,0.358,0.902,0.716,0.782,0.581,0.739,0.693,0.743,0.743,0.545,0.604,0.63,0.431,0.551,0.69,0.734,0.197,0.81,0.465,0.695,0.695,0.781,0.736,0.695,0.768,0.489,0.193,0.147,0.548,0.39,0.375,0.596,0.587,0.545,0.676,0.0610000000000001,0.494,0.737,0.695,0,0.652,0,0,0,0,0,0.652,0.294,0.684,0.557,0.517
"HMGCLL1",0.42,0.606,0.285,0.334,0.397,0.351,0.355,0.443,0.594,0.487,0.474,0.614,0.564,0.449,0.355,0.485,0.484,0.516,0.271,0.489,0.355,0.526,0.325,0.627,0.438,0.349,0.53,0.473,0.394,0.563,0.313,0.638,0.53,0,0.403,0.477,0.53,0.48,0.464,0.614,0.551,0.4,0.399,0.28,0.853,0.645,0.593,0.209,0.612,0.472,0.313,0.313,0.443,0.207,0.407,0.292,0.169,0.384,0.639,0.399,0.733,0.244,0.534,0.411,0.618,0.532,0.411,0.606,0.257,0.553,0.516,0.392,0.584,0.467,0.418,0.218,0.172,0.313,0.526,0.328,0.593,0.534,0.53,0,0.357,0.357,0.357,0.357,0.357,0.457,0.24,0.531,0.372,0.515
"IKZF1",0.53,0.676,0.551,0.619,0.523,0.254,0.473,0.24,0.667,0.564,0.675,0.739,0.655,0.664,0.429,0.642,0.537,0.604,0.402,0.662,0.551,0.25,0.291,0.693,0.43,0.359,0.329,0.629,0.167,0.444,0.694,0.75,0.329,0.403,0,0.561,0.329,0.648,0.607,0.766,0.581,0.508,0.474,0.292,0.49,0.706,0.73,0.455,0.54,0.67,0.694,0.694,0.452,0.621,0.54,0.323,0.374,0.552,0.743,0.203,0.781,0.55,0.677,0.677,0.756,0.73,0.677,0.614,0.529,0.189,0.279,0.548,0.274,0.118,0.58,0.499,0.385,0.556,0.25,0.401,0.697,0.677,0.329,0.573,0,0,0,0,0,0.573,0.219,0.62,0.48,0.489
"INA",0.344,0.591,0.493,0.641,0.328,0.478,0.418,0.522,0.496,0.61,0.631,0.766,0.575,0.6,0.421,0.617,0.572,0.541,0.415,0.519,0.492,0.578,0.464,0.585,0.404,0.417,0.572,0.505,0.511,0.606,0.67,0.656,0.572,0.477,0.561,0,0.572,0.608,0.53,0.775,0.485,0.348,0.358,0.38,0.871,0.567,0.768,0.495,0.695,0.592,0.67,0.67,0.483,0.646,0.369,0.467,0.494,0.57,0.581,0.444,0.793,0.623,0.592,0.667,0.716,0.758,0.667,0.613,0.566,0.599,0.56,0.59,0.603,0.523,0.47,0.445,0.531,0.515,0.578,0.44,0.605,0.667,0.572,0.531,0.604,0.604,0.604,0.604,0.604,0.197,0.437,0,0.428,0.477
"IRX4",0.621,0.693,0.649,0.6,0.595,0.366,0.521,0.413,0.68,0.596,0.7,0.792,0.647,0.682,0.542,0.694,0.685,0.677,0.574,0.657,0.646,0.0610000000000001,0.273,0.726,0.453,0.455,0,0.709,0.375,0.573,0.743,0.787,0,0.53,0.329,0.572,0,0.702,0.699,0.795,0.529,0.604,0.447,0.358,0.902,0.716,0.782,0.581,0.739,0.693,0.743,0.743,0.545,0.604,0.63,0.431,0.551,0.69,0.734,0.197,0.81,0.465,0.695,0.695,0.781,0.736,0.695,0.768,0.489,0.193,0.147,0.548,0.39,0.375,0.596,0.587,0.545,0.676,0.0610000000000001,0.494,0.737,0.695,0,0.652,0,0,0,0,0,0.652,0.294,0.684,0.557,0.517
"ITGA8",0.515,0.648,0.446,0.546,0.545,0.637,0.507,0.639,0.661,0.289,0.426,0.55,0.518,0.344,0.647,0.365,0.427,0.611,0.664,0.398,0.396,0.688,0.647,0.648,0.666,0.535,0.702,0.357,0.64,0.398,0,0.352,0.702,0.48,0.648,0.608,0.702,0,0.294,0.504,0.678,0.707,0.662,0.474,0.853,0.674,0.545,0.427,0.556,0.475,0,0,0.493,0.53,0.656,0.456,0.403,0.522,0.551,0.633,0.652,0.667,0.482,0.472,0.562,0.504,0.472,0.461,0.512,0.686,0.654,0.409,0.705,0.639,0.56,0.549,0.398,0.469,0.688,0.608,0.38,0.417,0.702,0.313,0.357,0.357,0.357,0.357,0.357,0.457,0.607,0.531,0.518,0.665
"KCNA1",0.398,0.632,0.397,0.566,0.534,0.595,0.49,0.6,0.64,0.322,0.453,0.585,0.493,0.343,0.554,0.19,0.483,0.605,0.58,0.373,0.471,0.691,0.599,0.634,0.615,0.519,0.699,0.293,0.601,0.54,0,0.225,0.699,0.464,0.607,0.53,0.699,0.294,0,0.566,0.64,0.63,0.61,0.468,0.853,0.664,0.599,0.431,0.609,0.53,0,0,0.449,0.557,0.608,0.422,0.366,0.409,0.493,0.596,0.63,0.692,0.534,0.528,0.485,0.553,0.528,0.477,0.537,0.692,0.658,0.409,0.717,0.608,0.561,0.526,0.412,0.445,0.691,0.526,0.299,0.494,0.699,0.313,0.357,0.357,0.357,0.357,0.357,0.457,0.55,0.531,0.421,0.621
"KCNG1",0.679,0.63,0.394,0.523,0.688,0.739,0.544,0.796,0.691,0.469,0.447,0.358,0.584,0.658,0.737,0.569,0.537,0.709,0.721,0.491,0.408,0.793,0.753,0.637,0.769,0.575,0.795,0.537,0.768,0.513,0,0.528,0.795,0.614,0.766,0.775,0.795,0.504,0.566,0,0.81,0.779,0.751,0.509,0.893,0.641,0.192,0.469,0.429,0.328,0,0,0.685,0.524,0.682,0.523,0.469,0.469,0.563,0.769,0.438,0.805,0.299,0.221,0.603,0.316,0.221,0.422,0.537,0.792,0.759,0.759,0.818,0.765,0.721,0.501,0.607,0.36,0.793,0.775,0.581,0.299,0.795,0.313,0.823,0.823,0.823,0.823,0.823,0.627,0.751,0.67,0.731,0.774
"KIFC3",0.481,0.71,0.637,0.626,0.545,0.586,0.397,0.568,0.661,0.554,0.612,0.739,0.51,0.664,0.522,0.628,0.638,0.635,0.601,0.534,0.62,0.525,0.572,0.701,0.338,0.579,0.529,0.683,0.575,0.561,0.74,0.792,0.529,0.551,0.581,0.485,0.529,0.678,0.64,0.81,0,0.575,0.424,0.431,0.801,0.701,0.802,0.587,0.597,0.697,0.74,0.74,0.493,0.648,0.578,0.584,0.595,0.693,0.719,0.478,0.845,0.564,0.702,0.72,0.642,0.692,0.72,0.747,0.54,0.539,0.543,0.292,0.486,0.531,0.486,0.607,0.544,0.622,0.525,0.463,0.75,0.737,0.529,0.629,0.357,0.357,0.357,0.357,0.357,0.536,0.512,0.407,0.573,0.336
"KRTAP24-1",0.526,0.658,0.51,0.651,0.461,0.469,0.377,0.572,0.642,0.687,0.679,0.771,0.639,0.71,0.432,0.683,0.689,0.69,0.217,0.651,0.493,0.618,0.421,0.652,0.393,0.438,0.604,0.626,0.531,0.672,0.694,0.753,0.604,0.4,0.508,0.348,0.604,0.707,0.63,0.779,0.575,0,0.326,0.326,0.881,0.686,0.763,0.476,0.755,0.652,0.694,0.694,0.549,0.657,0.475,0.492,0.493,0.483,0.722,0.48,0.794,0.613,0.66,0.66,0.764,0.758,0.66,0.739,0.586,0.652,0.615,0.658,0.7,0.58,0.644,0.4,0.529,0.552,0.618,0.47,0.697,0.66,0.604,0.573,0.66,0.66,0.66,0.66,0.66,0.573,0.352,0.62,0.506,0.522
"KY",0.472,0.622,0.426,0.605,0.265,0.364,0.224,0.458,0.608,0.631,0.646,0.745,0.528,0.668,0.448,0.637,0.648,0.645,0.238,0.549,0.404,0.474,0.314,0.627,0.28,0.41,0.447,0.561,0.426,0.553,0.67,0.723,0.447,0.399,0.474,0.358,0.447,0.662,0.61,0.751,0.424,0.326,0,0.23,0.871,0.656,0.737,0.438,0.729,0.619,0.67,0.67,0.394,0.613,0.387,0.396,0.493,0.511,0.648,0.311,0.766,0.53,0.625,0.625,0.727,0.733,0.625,0.709,0.512,0.522,0.475,0.59,0.605,0.459,0.585,0.312,0.497,0.471,0.474,0.353,0.665,0.625,0.447,0.531,0.557,0.557,0.557,0.557,0.557,0.531,0.305,0.588,0.418,0.276
"LRRFIP1",0.399,0.596,0.267,0.504,0.396,0.25,0.122,0.315,0.614,0.403,0.482,0.561,0.438,0.573,0.354,0.536,0.498,0.597,0.264,0.422,0.258,0.351,0.198,0.608,0.264,0.185,0.358,0.405,0.277,0.36,0,0.577,0.358,0.28,0.292,0.38,0.358,0.474,0.468,0.509,0.431,0.326,0.23,0,0.871,0.627,0.528,0.204,0.535,0.441,0,0,0.339,0.508,0.394,0.161,0.252,0.318,0.543,0.2,0.701,0.51,0.441,0.41,0.599,0.46,0.41,0.538,0.411,0.402,0.383,0.548,0.469,0.342,0.535,0.281,0.311,0.312,0.351,0.307,0.56,0.441,0.358,0.313,0,0,0,0,0,0.531,0.142,0.588,0.391,0.308
"MIR124-3",0.853,0.853,0.853,0.853,0.853,0.671,0.871,0.733,0.853,0.853,0.853,0.859,0.853,0.853,0.871,0.853,0.643,0.853,0.871,0.853,0.871,0.902,0.871,0.853,0.871,0.881,0.902,0.871,0.643,0.643,0.903,0.89,0.902,0.853,0.49,0.871,0.902,0.853,0.853,0.893,0.801,0.881,0.871,0.871,0,0.871,0.844,0.871,0.49,0.853,0.903,0.903,0.774,0.853,0.871,0.853,0.853,0.881,0.888,0.871,0.893,0.932,0.853,0.853,0.903,0.903,0.853,0.643,0.853,0.643,0.671,0.951,0.643,0.49,0.853,0.853,0.741,0.853,0.902,0.871,0.853,0.853,0.902,0.853,0.938,0.938,0.938,0.938,0.938,0.853,0.871,0.871,0.853,0.643
"MMP26",0.52,0.099,0.582,0.624,0.376,0.642,0.641,0.728,0.202,0.596,0.531,0.664,0.657,0.7,0.473,0.68,0.367,0.275,0.614,0.616,0.598,0.721,0.648,0.148,0.683,0.541,0.716,0.654,0.69,0.682,0.543,0.711,0.716,0.645,0.706,0.567,0.716,0.674,0.664,0.641,0.701,0.686,0.656,0.627,0.871,0,0.634,0.654,0.528,0.414,0.543,0.543,0.713,0.627,0.183,0.607,0.609,0.623,0.704,0.685,0.735,0.794,0.37,0.537,0.766,0.649,0.537,0.629,0.61,0.735,0.669,0.821,0.675,0.708,0.307,0.566,0.695,0.611,0.721,0.706,0.634,0.537,0.716,0.531,0.76,0.76,0.76,0.76,0.76,0.197,0.659,0,0.538,0.706
"NALCN",0.664,0.618,0.393,0.486,0.676,0.725,0.561,0.779,0.67,0.513,0.446,0.213,0.599,0.659,0.725,0.617,0.542,0.699,0.703,0.49,0.434,0.783,0.736,0.628,0.757,0.588,0.782,0.549,0.739,0.519,0,0.56,0.782,0.593,0.73,0.768,0.782,0.545,0.599,0.192,0.802,0.763,0.737,0.528,0.844,0.634,0,0.483,0.418,0.342,0,0,0.685,0.487,0.669,0.539,0.468,0.491,0.576,0.759,0.525,0.797,0.332,0.218,0.615,0.337,0.218,0.431,0.5,0.763,0.743,0.759,0.793,0.718,0.711,0.464,0.603,0.29,0.783,0.767,0.594,0.332,0.782,0.313,0.823,0.823,0.823,0.823,0.823,0.627,0.74,0.67,0.719,0.757
"NDRG4",0.45,0.632,0.258,0.449,0.449,0.415,0.271,0.461,0.654,0.401,0.448,0.514,0.477,0.452,0.425,0.482,0.451,0.59,0.356,0.461,0.26,0.569,0.393,0.635,0.468,0.292,0.581,0.356,0.437,0.461,0,0.532,0.581,0.209,0.455,0.495,0.581,0.427,0.431,0.469,0.587,0.476,0.438,0.204,0.871,0.654,0.483,0,0.498,0.424,0,0,0.459,0.363,0.451,0.25,0.204,0.295,0.558,0.428,0.67,0.43,0.426,0.392,0.536,0.349,0.392,0.498,0.395,0.591,0.573,0.392,0.615,0.493,0.522,0.317,0.23,0.305,0.569,0.372,0.508,0.426,0.581,0.313,0.306,0.306,0.306,0.306,0.306,0.531,0.305,0.588,0.376,0.515
"NPR3",0.502,0.57,0.46,0.562,0.591,0.58,0.581,0.639,0.534,0.389,0.306,0.49,0.592,0.66,0.612,0.637,0.4,0.602,0.706,0.532,0.494,0.735,0.696,0.593,0.735,0.585,0.739,0.565,0.567,0.427,0,0.617,0.739,0.612,0.54,0.695,0.739,0.556,0.609,0.429,0.597,0.755,0.729,0.535,0.49,0.528,0.418,0.498,0,0.368,0,0,0.683,0.563,0.575,0.537,0.503,0.54,0.602,0.718,0.7,0.763,0.353,0.348,0.632,0.372,0.348,0.336,0.55,0.587,0.593,0.759,0.438,0.471,0.5,0.545,0.563,0.479,0.735,0.694,0.606,0.411,0.739,0.313,0.699,0.699,0.699,0.699,0.699,0.536,0.681,0.407,0.664,0.659
"NTM",0.465,0.323,0.301,0.376,0.377,0.598,0.472,0.691,0.271,0.42,0.321,0.413,0.499,0.57,0.52,0.539,0.415,0.468,0.579,0.387,0.365,0.697,0.61,0.417,0.645,0.515,0.693,0.471,0.649,0.468,0,0.535,0.693,0.472,0.67,0.592,0.693,0.475,0.53,0.328,0.697,0.652,0.619,0.441,0.853,0.414,0.342,0.424,0.368,0,0,0,0.647,0.377,0.457,0.434,0.369,0.418,0.536,0.647,0.623,0.739,0.088,0.17,0.574,0.332,0.17,0.393,0.382,0.708,0.625,0.715,0.704,0.667,0.467,0.339,0.516,0.345,0.697,0.66,0.484,0.271,0.693,0.197,0.732,0.732,0.732,0.732,0.732,0,0.62,0.197,0.47,0.668
"OR10J5",0.313,0.543,0,0.313,0.627,0.67,0,0.67,0.627,0,0,0,0,0.427,0.67,0.313,0,0.613,0.67,0,0,0.743,0.67,0.543,0.67,0.154,0.743,0,0.67,0,0,0,0.743,0.313,0.694,0.67,0.743,0,0,0,0.74,0.694,0.67,0,0.903,0.543,0,0,0,0,0,0,0.493,0.313,0.613,0,0,0,0.36,0.67,0.571,0.763,0,0,0,0,0,0,0.313,0.743,0.683,0.759,0.786,0.67,0.613,0.313,0,0,0.743,0.67,0,0,0.743,0.313,0.823,0.823,0.823,0.823,0.823,0.627,0.67,0.67,0.627,0.67
"PCDH10",0.313,0.543,0,0.313,0.627,0.67,0,0.67,0.627,0,0,0,0,0.427,0.67,0.313,0,0.613,0.67,0,0,0.743,0.67,0.543,0.67,0.154,0.743,0,0.67,0,0,0,0.743,0.313,0.694,0.67,0.743,0,0,0,0.74,0.694,0.67,0,0.903,0.543,0,0,0,0,0,0,0.493,0.313,0.613,0,0,0,0.36,0.67,0.571,0.763,0,0,0,0,0,0,0.313,0.743,0.683,0.759,0.786,0.67,0.613,0.313,0,0,0.743,0.67,0,0,0.743,0.313,0.823,0.823,0.823,0.823,0.823,0.627,0.67,0.67,0.627,0.67
"PDE4B",0.49,0.686,0.458,0.647,0.475,0.459,0.354,0.454,0.683,0.556,0.591,0.706,0.537,0.515,0.494,0.539,0.631,0.666,0.479,0.404,0.516,0.528,0.445,0.681,0.398,0.439,0.545,0.392,0.448,0.57,0.493,0.533,0.545,0.443,0.452,0.483,0.545,0.493,0.449,0.685,0.493,0.549,0.394,0.339,0.774,0.713,0.685,0.459,0.683,0.647,0.493,0.493,0,0.647,0.552,0.383,0.435,0.509,0.617,0.421,0.699,0.626,0.649,0.649,0.624,0.697,0.649,0.566,0.586,0.534,0.546,0.548,0.569,0.451,0.613,0.516,0.481,0.493,0.528,0.44,0.542,0.649,0.545,0.573,0,0,0,0,0,0.573,0.379,0.62,0.462,0.372
"PIGB",0.532,0.587,0.365,0.196,0.532,0.541,0.563,0.633,0.567,0.516,0.415,0.543,0.589,0.438,0.53,0.526,0.52,0.569,0.564,0.452,0.493,0.611,0.544,0.626,0.639,0.549,0.604,0.568,0.598,0.576,0.313,0.636,0.604,0.207,0.621,0.646,0.604,0.53,0.557,0.524,0.648,0.657,0.613,0.508,0.853,0.627,0.487,0.363,0.563,0.377,0.313,0.313,0.647,0,0.576,0.499,0.248,0.537,0.636,0.602,0.719,0.244,0.462,0.246,0.607,0.451,0.246,0.547,0.207,0.638,0.566,0.392,0.665,0.635,0.509,0.288,0.336,0.393,0.611,0.583,0.581,0.462,0.604,0,0.556,0.556,0.556,0.556,0.556,0.457,0.519,0.531,0.535,0.67
"PODN",0.405,0.25,0.435,0.57,0.231,0.418,0.423,0.533,0.279,0.595,0.548,0.688,0.619,0.651,0.302,0.638,0.322,0.223,0.29,0.608,0.423,0.631,0.379,0.22,0.46,0.312,0.63,0.57,0.477,0.667,0.613,0.7,0.63,0.407,0.54,0.369,0.63,0.656,0.608,0.682,0.578,0.475,0.387,0.394,0.871,0.183,0.669,0.451,0.575,0.457,0.613,0.613,0.552,0.576,0,0.41,0.488,0.511,0.692,0.462,0.742,0.617,0.43,0.564,0.693,0.687,0.564,0.652,0.518,0.656,0.605,0.59,0.622,0.543,0.213,0.346,0.496,0.478,0.631,0.397,0.638,0.564,0.63,0.531,0.604,0.604,0.604,0.604,0.604,0.197,0.375,0,0.358,0.526
"PPP1R16B",0.409,0.569,0.269,0.497,0.399,0.251,0.326,0.291,0.578,0.375,0.452,0.565,0.453,0.537,0.41,0.47,0.461,0.551,0.345,0.464,0.291,0.377,0.215,0.585,0.369,0.254,0.431,0.391,0.244,0.406,0,0.519,0.431,0.292,0.323,0.467,0.431,0.456,0.422,0.523,0.584,0.492,0.396,0.161,0.853,0.607,0.539,0.25,0.537,0.434,0,0,0.383,0.499,0.41,0,0.25,0.317,0.585,0.255,0.612,0.534,0.433,0.415,0.588,0.471,0.415,0.532,0.411,0.417,0.423,0.548,0.446,0.343,0.515,0.311,0.311,0.328,0.377,0.292,0.464,0.433,0.431,0.313,0,0,0,0,0,0.457,0.201,0.531,0.361,0.497
"PTPN5",0.375,0.571,0.276,0.345,0.464,0.416,0.351,0.374,0.58,0.411,0.393,0.468,0.504,0.414,0.418,0.469,0.428,0.528,0.393,0.354,0.304,0.456,0.401,0.587,0.451,0.322,0.551,0.374,0.369,0.35,0,0.509,0.551,0.169,0.374,0.494,0.551,0.403,0.366,0.469,0.595,0.493,0.493,0.252,0.853,0.609,0.468,0.204,0.503,0.369,0,0,0.435,0.248,0.488,0.25,0,0.358,0.535,0.378,0.683,0.437,0.41,0.302,0.54,0.406,0.302,0.411,0.326,0.488,0.516,0.392,0.497,0.443,0.504,0.293,0.166,0.28,0.456,0.445,0.475,0.41,0.551,0,0.303,0.303,0.303,0.303,0.303,0.457,0.33,0.531,0.461,0.571
"RASGRF1",0.436,0.595,0.229,0.533,0.511,0.529,0.356,0.606,0.622,0.432,0.381,0.536,0.434,0.531,0.489,0.444,0.532,0.642,0.373,0.409,0.354,0.688,0.51,0.609,0.558,0.384,0.69,0.364,0.57,0.542,0,0.409,0.69,0.384,0.552,0.57,0.69,0.522,0.409,0.469,0.693,0.483,0.511,0.318,0.881,0.623,0.491,0.295,0.54,0.418,0,0,0.509,0.537,0.511,0.317,0.358,0,0.584,0.556,0.527,0.692,0.414,0.371,0.542,0.446,0.371,0.519,0.5,0.705,0.661,0.658,0.748,0.614,0.619,0.38,0.429,0.384,0.688,0.513,0.334,0.414,0.69,0.313,0.66,0.66,0.66,0.66,0.66,0.573,0.441,0.62,0.432,0.585
"RIMS4",0.623,0.69,0.544,0.635,0.658,0.704,0.555,0.739,0.693,0.604,0.581,0.598,0.604,0.508,0.718,0.576,0.622,0.718,0.688,0.498,0.535,0.738,0.707,0.708,0.698,0.626,0.734,0.481,0.73,0.579,0.36,0.483,0.734,0.639,0.743,0.581,0.734,0.551,0.493,0.563,0.719,0.722,0.648,0.543,0.888,0.704,0.576,0.558,0.602,0.536,0.36,0.36,0.617,0.636,0.692,0.585,0.535,0.584,0,0.7,0.759,0.773,0.523,0.513,0.624,0.536,0.513,0.458,0.604,0.75,0.718,0.792,0.774,0.736,0.705,0.587,0.647,0.564,0.738,0.733,0.558,0.523,0.734,0.533,0.779,0.779,0.779,0.779,0.779,0.597,0.705,0.64,0.683,0.678
"SALL1",0.46,0.653,0.484,0.597,0.44,0.258,0.363,0.242,0.643,0.535,0.654,0.762,0.576,0.647,0.429,0.613,0.595,0.59,0.366,0.592,0.474,0.135,0.206,0.671,0.301,0.319,0.197,0.579,0.217,0.456,0.67,0.731,0.197,0.399,0.203,0.444,0.197,0.633,0.596,0.769,0.478,0.48,0.311,0.2,0.871,0.685,0.759,0.428,0.718,0.647,0.67,0.67,0.421,0.602,0.462,0.255,0.378,0.556,0.7,0,0.786,0.488,0.655,0.655,0.731,0.715,0.655,0.73,0.485,0.21,0.25,0.548,0.335,0.241,0.549,0.419,0.396,0.514,0.135,0.311,0.675,0.655,0.197,0.531,0,0,0,0,0,0.531,0.18,0.588,0.417,0.41
"SCN7A",0.708,0.712,0.595,0.719,0.702,0.745,0.714,0.81,0.703,0.603,0.622,0.631,0.603,0.735,0.77,0.602,0.718,0.774,0.734,0.648,0.669,0.809,0.768,0.749,0.784,0.742,0.81,0.663,0.781,0.737,0.571,0.587,0.81,0.733,0.781,0.793,0.81,0.652,0.63,0.438,0.845,0.794,0.766,0.701,0.893,0.735,0.525,0.67,0.7,0.623,0.571,0.571,0.699,0.719,0.742,0.612,0.683,0.527,0.759,0.786,0,0.857,0.607,0.607,0.753,0.694,0.607,0.687,0.707,0.805,0.763,0.881,0.832,0.776,0.775,0.671,0.763,0.587,0.809,0.802,0.572,0.607,0.81,0.643,0.849,0.849,0.849,0.849,0.849,0.643,0.769,0.687,0.693,0.759
"SHISA2",0.668,0.78,0.629,0.466,0.617,0.5,0.585,0.552,0.77,0.647,0.734,0.817,0.711,0.534,0.523,0.687,0.642,0.627,0.5,0.736,0.62,0.471,0.425,0.804,0.562,0.559,0.465,0.724,0.515,0.699,0.763,0.818,0.465,0.244,0.55,0.623,0.465,0.667,0.692,0.805,0.564,0.613,0.53,0.51,0.932,0.794,0.797,0.43,0.763,0.739,0.763,0.763,0.626,0.244,0.617,0.534,0.437,0.692,0.773,0.488,0.857,0,0.754,0.713,0.697,0.704,0.713,0.804,0.358,0.541,0.532,0.392,0.56,0.604,0.486,0.538,0.341,0.665,0.471,0.455,0.801,0.754,0.465,0.672,0.357,0.357,0.357,0.357,0.357,0.745,0.377,0.766,0.546,0.626
"SIRPD",0.503,0.271,0.338,0.461,0.355,0.599,0.476,0.702,0.206,0.425,0.356,0.42,0.505,0.584,0.516,0.567,0.413,0.46,0.576,0.425,0.35,0.699,0.616,0.398,0.654,0.514,0.695,0.474,0.66,0.48,0,0.543,0.695,0.534,0.677,0.592,0.695,0.482,0.534,0.299,0.702,0.66,0.625,0.441,0.853,0.37,0.332,0.426,0.353,0.088,0,0,0.649,0.462,0.43,0.433,0.41,0.414,0.523,0.655,0.607,0.754,0,0.192,0.603,0.325,0.192,0.384,0.457,0.712,0.627,0.759,0.699,0.675,0.46,0.403,0.558,0.391,0.699,0.672,0.488,0.228,0.695,0.313,0.732,0.732,0.732,0.732,0.732,0,0.625,0.197,0.462,0.676
"SIRPG",0.505,0.5,0.21,0.244,0.533,0.599,0.448,0.702,0.518,0.43,0.274,0.327,0.489,0.563,0.61,0.519,0.463,0.616,0.576,0.329,0.307,0.699,0.616,0.55,0.654,0.493,0.695,0.454,0.66,0.441,0,0.518,0.695,0.411,0.677,0.667,0.695,0.472,0.528,0.221,0.72,0.66,0.625,0.41,0.853,0.537,0.218,0.392,0.348,0.17,0,0,0.649,0.246,0.564,0.415,0.302,0.371,0.513,0.655,0.607,0.713,0.192,0,0.537,0.247,0,0.332,0.264,0.712,0.627,0.661,0.753,0.675,0.621,0.211,0.48,0.26,0.699,0.664,0.474,0.192,0.695,0,0.732,0.732,0.732,0.732,0.732,0.457,0.625,0.531,0.592,0.676
"SLC18A3",0.64,0.756,0.528,0.574,0.694,0.71,0.622,0.744,0.782,0.562,0.565,0.641,0.534,0.599,0.62,0.572,0.612,0.708,0.711,0.557,0.577,0.779,0.713,0.737,0.739,0.641,0.781,0.529,0.731,0.632,0,0.516,0.781,0.618,0.756,0.716,0.781,0.562,0.485,0.603,0.642,0.764,0.727,0.599,0.903,0.766,0.615,0.536,0.632,0.574,0,0,0.624,0.607,0.693,0.588,0.54,0.542,0.624,0.731,0.753,0.697,0.603,0.537,0,0.452,0.537,0.578,0.583,0.785,0.765,0.579,0.791,0.744,0.674,0.627,0.593,0.567,0.779,0.63,0.59,0.603,0.781,0.313,0.731,0.731,0.731,0.731,0.731,0.627,0.701,0.67,0.676,0.748
"SLC4A11",0.607,0.637,0.37,0.455,0.683,0.695,0.506,0.736,0.683,0.447,0.368,0.412,0.517,0.582,0.646,0.597,0.499,0.69,0.714,0.453,0.399,0.73,0.696,0.64,0.734,0.537,0.736,0.509,0.715,0.477,0,0.556,0.736,0.532,0.73,0.758,0.736,0.504,0.553,0.316,0.692,0.758,0.733,0.46,0.903,0.649,0.337,0.349,0.372,0.332,0,0,0.697,0.451,0.687,0.471,0.406,0.446,0.536,0.715,0.694,0.704,0.325,0.247,0.452,0,0.247,0.411,0.471,0.745,0.713,0.592,0.731,0.736,0.656,0.468,0.514,0.41,0.73,0.645,0.546,0.325,0.736,0.313,0.671,0.671,0.671,0.671,0.671,0.627,0.679,0.67,0.696,0.758
"SLC6A15",0.505,0.5,0.21,0.244,0.533,0.599,0.448,0.702,0.518,0.43,0.274,0.327,0.489,0.563,0.61,0.519,0.463,0.616,0.576,0.329,0.307,0.699,0.616,0.55,0.654,0.493,0.695,0.454,0.66,0.441,0,0.518,0.695,0.411,0.677,0.667,0.695,0.472,0.528,0.221,0.72,0.66,0.625,0.41,0.853,0.537,0.218,0.392,0.348,0.17,0,0,0.649,0.246,0.564,0.415,0.302,0.371,0.513,0.655,0.607,0.713,0.192,0,0.537,0.247,0,0.332,0.264,0.712,0.627,0.661,0.753,0.675,0.621,0.211,0.48,0.26,0.699,0.664,0.474,0.192,0.695,0,0.732,0.732,0.732,0.732,0.732,0.457,0.625,0.531,0.592,0.676
"SLITRK5",0.569,0.601,0.44,0.547,0.638,0.631,0.565,0.701,0.635,0.509,0.477,0.47,0.588,0.549,0.701,0.611,0.481,0.675,0.678,0.351,0.433,0.768,0.707,0.615,0.728,0.591,0.768,0.4,0.63,0.337,0,0.494,0.768,0.606,0.614,0.613,0.768,0.461,0.477,0.422,0.747,0.739,0.709,0.538,0.643,0.629,0.431,0.498,0.336,0.393,0,0,0.566,0.547,0.652,0.532,0.411,0.519,0.458,0.73,0.687,0.804,0.384,0.332,0.578,0.411,0.332,0,0.555,0.666,0.648,0.759,0.711,0.564,0.685,0.52,0.589,0.452,0.768,0.74,0.466,0.384,0.768,0.313,0.803,0.803,0.803,0.803,0.803,0.572,0.711,0.627,0.682,0.678
"SORCS1",0.48,0.568,0.317,0.146,0.478,0.442,0.491,0.535,0.548,0.472,0.418,0.553,0.548,0.505,0.498,0.463,0.496,0.541,0.478,0.446,0.435,0.49,0.419,0.613,0.548,0.468,0.489,0.542,0.491,0.528,0.313,0.632,0.489,0.257,0.529,0.566,0.489,0.512,0.537,0.537,0.54,0.586,0.512,0.411,0.853,0.61,0.5,0.395,0.55,0.382,0.313,0.313,0.586,0.207,0.518,0.411,0.326,0.5,0.604,0.485,0.707,0.358,0.457,0.264,0.583,0.471,0.264,0.555,0,0.538,0.474,0.292,0.566,0.556,0.463,0.216,0.335,0.352,0.49,0.465,0.58,0.457,0.489,0,0.357,0.357,0.357,0.357,0.357,0.457,0.388,0.531,0.457,0.606
"SOX17",0.595,0.711,0.663,0.635,0.62,0.352,0.561,0.242,0.702,0.585,0.71,0.775,0.659,0.686,0.576,0.685,0.585,0.635,0.623,0.671,0.667,0.122,0.367,0.731,0.456,0.477,0.193,0.711,0.136,0.433,0.743,0.788,0.193,0.553,0.189,0.599,0.193,0.686,0.692,0.792,0.539,0.652,0.522,0.402,0.643,0.735,0.763,0.591,0.587,0.708,0.743,0.743,0.534,0.638,0.656,0.417,0.488,0.705,0.75,0.21,0.805,0.541,0.712,0.712,0.785,0.745,0.712,0.666,0.538,0,0.196,0.548,0.158,0.115,0.603,0.626,0.476,0.671,0.122,0.509,0.738,0.712,0.193,0.652,0,0,0,0,0,0.652,0.36,0.684,0.571,0.488
"SOX21",0.581,0.623,0.602,0.563,0.549,0.182,0.525,0.407,0.613,0.564,0.637,0.746,0.605,0.642,0.544,0.649,0.598,0.622,0.583,0.605,0.617,0.173,0.342,0.656,0.476,0.462,0.147,0.678,0.352,0.514,0.683,0.755,0.147,0.516,0.279,0.56,0.147,0.654,0.658,0.759,0.543,0.615,0.475,0.383,0.671,0.669,0.743,0.573,0.593,0.625,0.683,0.683,0.546,0.566,0.605,0.423,0.516,0.661,0.718,0.25,0.763,0.532,0.627,0.627,0.765,0.713,0.627,0.648,0.474,0.196,0,0.548,0.368,0.266,0.557,0.552,0.53,0.619,0.173,0.506,0.671,0.627,0.147,0.533,0,0,0,0,0,0.533,0.341,0.617,0.527,0.489
"ST6GALNAC5",0.59,0.807,0.59,0,0.59,0.548,0.59,0.548,0.807,0.447,0.661,0.759,0.703,0,0.481,0.292,0.546,0.546,0.59,0.661,0.59,0.548,0.548,0.807,0.59,0.548,0.548,0.59,0.548,0.637,0.759,0.759,0.548,0.392,0.548,0.59,0.548,0.409,0.409,0.759,0.292,0.658,0.59,0.548,0.951,0.821,0.759,0.392,0.759,0.715,0.759,0.759,0.548,0.392,0.59,0.548,0.392,0.658,0.792,0.548,0.881,0.392,0.759,0.661,0.579,0.592,0.661,0.759,0.292,0.548,0.548,0,0.548,0.548,0.409,0.59,0.409,0.59,0.548,0.447,0.759,0.759,0.548,0.661,0.548,0.548,0.548,0.548,0.548,0.807,0.447,0.821,0.462,0.59
