"","ACTBL2","ADAMTS16","ADCY4","B3GALT1","BMP10","BTG4","C10orf90","C1D","CCL7","CD40","CHL1","CLDN17","CLRN1","CLSTN2","CMTM3","CNTNAP2","COL23A1","COL4A1","DOK6","DRD4","EFS","ESRRG","EYA4","FBN2","FIGN","FLG","FOXI2","GAP43","GATA2","GFRAL","GPR26","GRIK3","GSC2","HMGCLL1","IKZF1","INA","IRX4","ITGA8","KCNA1","KCNG1","KIFC3","KY","LRRFIP1","MIR124-3","MMP26","NALCN","NDRG4","NPR3","NTM","OR10J5","PCDH10","PDE4B","PIGB","PODN","PPP1R16B","PTPN5","RASGRF1","RIMS4","SALL1","SCN7A","SHISA2","SIRPG","SLC18A3","SLC4A11","SLC6A15","SLITRK5","SORCS1","SOX17","SOX21","ST6GALNAC5","SUB1","TBX5","THBS4","TMEM196","TRDN","TRPC6","TWIST1","TYR","UNC5C","UNC5D","UNCX","ZNF132","ZNF135","ZNF229","ZNF334","ZNF793","C6orf186","C8orf42","FAM19A4","FAM5C","WDR8"
"ACTBL2",0,0.797,0.83,0.855,0.788,0.718,0.794,0.814,0.696,0.814,0.563,0.748,0.509,0.771,0.811,0.647,0.748,0.767,0.847,0.8,0.59,0.877,0.712,0.795,0.606,0.839,0.73,0.64,0.76,0.817,0.782,0.767,0.775,0.895,0.722,0.656,0.743,0.738,0.715,0.807,0.661,0.724,0.938,0.82,0.775,0.797,0.722,0.752,0.63,0.782,0.686,0.769,0.84,0.732,0.869,0.836,0.734,0.828,0.823,0.761,0.921,0.769,0.792,0.75,0.81,0.584,0.796,0.788,0.783,0.861,0.891,0.806,0.701,0.763,0.772,0.825,0.787,0.719,0.6,0.578,0.747,0.917,0.698,0.938,0.917,0.917,0.533,0.81,0.719,0.668,0.736
"ADAMTS16",0.797,0,0.865,0.819,0.801,0.842,0.678,0.838,0.863,0.847,0.822,0.863,0.751,0.843,0.857,0.8,0,0.609,0.907,0.865,0.849,0.846,0.768,0.822,0.799,0.767,0.824,0.767,0.833,0.866,0.862,0.823,0.838,0.878,0.79,0.818,0.823,0.732,0.799,0.892,0.807,0.613,0.91,0.812,0.54,0.871,0.803,0.722,0.853,0.815,0.823,0.873,0.861,0.888,0.749,0.781,0.846,0.837,0.721,0.832,0.935,0.844,0.885,0.876,0.945,0.805,0.893,0.734,0.833,0.81,0.837,0.797,0.817,0.861,0.81,0.849,0.823,0.847,0.826,0.869,0.77,0.815,0.797,0.909,0.815,0.815,0.733,0.202,0.816,0.826,0.678
"ADCY4",0.83,0.865,0,0.847,0.779,0.676,0.864,0.836,0.637,0.685,0.595,0.825,0.826,0.795,0.454,0.848,0.863,0.778,0.441,0.709,0.418,0.566,0.804,0.627,0.776,0.906,0.819,0.66,0.833,0.56,0,0.539,0.858,0.868,0.802,0.784,0.851,0.745,0.762,0.889,0.817,0.882,0.846,0.82,0.861,0.804,0.637,0.603,0.803,0.663,0.819,0.656,0.863,0.736,0.724,0.342,0.529,0.736,0.857,0.835,0.666,0.518,0.82,0.855,0.935,0.86,0.439,0.815,0.842,0.853,0.801,0.821,0.636,0.711,0.799,0.886,0.832,0.824,0.705,0.629,0.773,0.783,0.831,0.845,0.783,0.783,0.891,0.94,0.517,0.795,0.868
"B3GALT1",0.855,0.819,0.847,0,0.908,0.892,0.76,0.809,0.912,0.879,0.884,0.874,0.907,0.927,0.91,0.899,0.887,0.927,0.927,0.898,0.86,0.82,0.854,0.922,0.829,0.738,0.819,0.908,0.895,0.93,0.895,0.906,0.821,0.746,0.827,0.896,0.844,0.886,0.916,0.941,0.864,0.764,0.802,0.823,0.77,0.912,0.91,0.902,0.856,0.931,0.867,0.901,0.607,0.912,0.831,0.718,0.909,0.932,0.896,0.902,0.951,0.868,0.933,0.91,0.945,0.924,0.907,0.891,0.828,0.203,0.79,0.894,0.882,0.914,0.921,0.94,0.897,0.855,0.916,0.905,0.843,0.747,0.835,0.801,0.747,0.747,0.724,0.939,0.86,0.878,0.915
"BMP10",0.788,0.801,0.779,0.908,0,0.741,0.881,0.803,0.704,0.664,0.691,0.812,0.776,0.747,0.721,0.687,0.755,0.71,0.797,0.789,0.697,0.695,0.705,0.646,0.836,0.812,0.736,0.72,0.612,0.692,0.562,0.781,0.759,0.935,0.727,0.763,0.627,0.543,0.708,0.909,0.813,0.758,0.856,0.558,0.868,0.848,0.567,0.66,0.776,0.697,0.709,0.713,0.924,0.754,0.742,0.777,0.724,0.844,0.53,0.822,0.847,0.67,0.846,0.85,0.934,0.703,0.831,0.515,0.668,0.92,0.795,0.456,0.673,0.693,0.784,0.889,0.56,0.785,0.657,0.694,0.629,0.216,0.773,0.839,0.216,0.216,0.798,0.836,0.749,0.707,0.873
"BTG4",0.718,0.842,0.676,0.892,0.741,0,0.796,0.829,0.797,0.804,0.635,0.797,0.82,0.765,0.688,0.655,0.839,0.738,0.711,0.814,0.674,0.755,0.717,0.703,0.629,0.789,0.669,0.603,0.628,0.671,0.608,0.717,0.789,0.904,0.661,0.705,0.592,0.714,0.729,0.856,0.787,0.814,0.847,0.769,0.866,0.817,0.618,0.669,0.578,0.744,0.663,0.808,0.922,0.44,0.728,0.675,0.662,0.772,0.736,0.816,0.769,0.536,0.833,0.834,0.92,0.721,0.715,0.706,0.637,0.93,0.801,0.694,0.739,0.511,0.784,0.86,0.753,0.815,0.633,0.568,0.603,0.814,0.818,0.863,0.814,0.814,0.867,0.851,0.717,0.329,0.819
"C10orf90",0.794,0.678,0.864,0.76,0.881,0.796,0,0.856,0.872,0.864,0.858,0.863,0.85,0.874,0.866,0.876,0.856,0.915,0.892,0.881,0.838,0.851,0.832,0.889,0.751,0.654,0.873,0.82,0.892,0.9,0.864,0.792,0.877,0.854,0.838,0.857,0.902,0.895,0.839,0.911,0.842,0.739,0.893,0.887,0.745,0.855,0.884,0.825,0.852,0.872,0.865,0.895,0.807,0.864,0.785,0.616,0.853,0.795,0.922,0.834,0.921,0.838,0.89,0.864,0.947,0.873,0.88,0.847,0.897,0.759,0.823,0.895,0.851,0.85,0.84,0.905,0.898,0.875,0.885,0.892,0.858,0.863,0.819,0.892,0.863,0.863,0.794,0.934,0.784,0.847,0.782
"C1D",0.814,0.838,0.836,0.809,0.803,0.829,0.856,0,0.876,0.796,0.816,0.838,0.886,0.889,0.87,0.869,0.845,0.901,0.89,0.868,0.807,0.566,0.782,0.892,0.771,0.854,0.608,0.855,0.795,0.85,0.861,0.858,0.602,0.85,0.584,0.859,0.61,0.813,0.881,0.908,0.82,0.804,0.45,0.406,0.8,0.877,0.876,0.849,0.818,0.899,0.832,0.816,0.835,0.854,0.827,0.822,0.865,0.887,0.754,0.872,0.914,0.815,0.906,0.882,0.937,0.904,0.86,0.783,0.552,0.808,0.553,0.826,0.849,0.784,0.884,0.913,0.742,0.844,0.731,0.703,0.595,0.254,0.622,0.529,0.254,0.254,0.75,0.934,0.834,0.834,0.879
"CCL7",0.696,0.863,0.637,0.912,0.704,0.797,0.872,0.876,0,0.505,0.647,0.827,0.682,0.826,0.552,0.784,0.623,0.724,0.684,0.63,0.593,0.719,0.757,0.667,0.763,0.916,0.831,0.687,0.733,0.668,0.174,0.641,0.872,0.934,0.784,0.648,0.868,0.709,0.691,0.894,0.778,0.894,0.938,0.782,0.842,0.808,0.62,0.625,0.826,0.61,0.821,0.592,0.928,0.77,0.775,0.659,0.553,0.789,0.819,0.783,0.789,0.637,0.817,0.754,0.921,0.759,0.724,0.719,0.874,0.939,0.903,0.744,0.606,0.733,0.669,0.805,0.711,0.778,0.65,0.674,0.802,0.818,0.77,0.936,0.818,0.818,0.824,0.879,0.539,0.733,0.846
"CD40",0.814,0.847,0.685,0.879,0.664,0.804,0.864,0.796,0.505,0,0.7,0.846,0.777,0.803,0.669,0.801,0.681,0.719,0.705,0.62,0.681,0.63,0.764,0.696,0.829,0.876,0.783,0.735,0.644,0.673,0.425,0.718,0.812,0.915,0.723,0.779,0.783,0.683,0.709,0.879,0.833,0.873,0.831,0.783,0.84,0.833,0.684,0.635,0.85,0.7,0.842,0.679,0.899,0.831,0.657,0.675,0.6,0.807,0.693,0.801,0.819,0.692,0.848,0.807,0.944,0.806,0.778,0.642,0.74,0.891,0.781,0.704,0.605,0.761,0.721,0.822,0.644,0.752,0.706,0.737,0.737,0.161,0.79,0.809,0.161,0.161,0.853,0.891,0.695,0.766,0.871
"CHL1",0.563,0.822,0.595,0.884,0.691,0.635,0.858,0.816,0.647,0.7,0,0.658,0.631,0.618,0.618,0.517,0.755,0.732,0.666,0.647,0.439,0.723,0.673,0.696,0.733,0.834,0.757,0.59,0.689,0.484,0.205,0.633,0.819,0.911,0.759,0.725,0.718,0.554,0.645,0.862,0.658,0.82,0.914,0.782,0.851,0.797,0.585,0.635,0.578,0.658,0.56,0.701,0.898,0.756,0.774,0.682,0.512,0.784,0.768,0.781,0.795,0.552,0.814,0.81,0.89,0.577,0.707,0.729,0.736,0.909,0.875,0.746,0.601,0.695,0.756,0.864,0.72,0.763,0.481,0.412,0.695,0.818,0.837,0.915,0.818,0.818,0.776,0.863,0.608,0.637,0.826
"CLDN17",0.748,0.863,0.825,0.874,0.812,0.797,0.863,0.838,0.827,0.846,0.658,0,0.832,0.648,0.847,0.738,0.755,0.844,0.853,0.852,0.537,0.879,0.814,0.871,0.662,0.893,0.801,0.814,0.855,0.87,0.779,0.769,0.887,0.894,0.768,0.789,0.851,0.688,0.817,0.756,0.623,0.84,0.942,0.809,0.853,0.71,0.829,0.835,0.468,0.879,0.454,0.852,0.905,0.841,0.881,0.821,0.824,0.879,0.912,0.768,0.917,0.59,0.782,0.69,0.767,0.841,0.795,0.878,0.863,0.913,0.908,0.859,0.769,0.837,0.82,0.808,0.887,0.817,0.843,0.643,0.815,0.907,0.835,0.941,0.907,0.907,0.807,0.907,0.793,0.761,0.795
"CLRN1",0.509,0.751,0.826,0.907,0.776,0.82,0.85,0.886,0.682,0.777,0.631,0.832,0,0.77,0.799,0.69,0.697,0.793,0.854,0.793,0.709,0.841,0.606,0.797,0.758,0.838,0.84,0.707,0.75,0.802,0.664,0.794,0.863,0.935,0.79,0.755,0.822,0.72,0.685,0.874,0.572,0.831,0.958,0.862,0.842,0.838,0.708,0.729,0.797,0.686,0.798,0.759,0.898,0.832,0.824,0.85,0.729,0.848,0.831,0.744,0.922,0.802,0.843,0.8,0.881,0.689,0.844,0.781,0.841,0.914,0.916,0.796,0.685,0.815,0.746,0.879,0.762,0.623,0.757,0.763,0.78,0.928,0.806,0.954,0.928,0.928,0.694,0.84,0.689,0.768,0.755
"CLSTN2",0.771,0.843,0.795,0.927,0.747,0.765,0.874,0.889,0.826,0.803,0.618,0.648,0.77,0,0.755,0.607,0.802,0.775,0.771,0.79,0.686,0.821,0.766,0.745,0.788,0.852,0.822,0.726,0.784,0.674,0.723,0.706,0.84,0.938,0.809,0.712,0.792,0.645,0.773,0.872,0.732,0.791,0.937,0.883,0.885,0.699,0.697,0.761,0.667,0.772,0.457,0.859,0.938,0.852,0.82,0.797,0.65,0.608,0.768,0.852,0.842,0.666,0.669,0.892,0.943,0.555,0.83,0.788,0.805,0.948,0.903,0.762,0.744,0.805,0.813,0.898,0.8,0.846,0.749,0.655,0.746,0.898,0.852,0.923,0.898,0.898,0.875,0.878,0.786,0.69,0.791
"CMTM3",0.811,0.857,0.454,0.91,0.721,0.688,0.866,0.87,0.552,0.669,0.618,0.847,0.799,0.755,0,0.758,0.839,0.713,0.488,0.707,0.534,0.651,0.717,0.604,0.806,0.848,0.789,0.655,0.756,0.521,0.205,0.578,0.798,0.923,0.802,0.739,0.787,0.692,0.716,0.884,0.832,0.833,0.896,0.782,0.868,0.79,0.638,0.612,0.798,0.542,0.758,0.668,0.924,0.775,0.729,0.535,0.567,0.719,0.724,0.82,0.669,0.6,0.803,0.842,0.924,0.72,0.604,0.706,0.806,0.928,0.867,0.739,0.651,0.699,0.782,0.872,0.74,0.804,0.625,0.602,0.711,0.818,0.848,0.893,0.818,0.818,0.87,0.841,0.55,0.714,0.87
"CNTNAP2",0.647,0.8,0.848,0.899,0.687,0.655,0.876,0.869,0.784,0.801,0.517,0.738,0.69,0.607,0.758,0,0.726,0.624,0.877,0.73,0.747,0.866,0.65,0.706,0.773,0.775,0.705,0.625,0.643,0.642,0.702,0.821,0.763,0.928,0.73,0.647,0.631,0.535,0.502,0.887,0.733,0.719,0.954,0.792,0.83,0.852,0.626,0.654,0.592,0.695,0.546,0.847,0.904,0.86,0.797,0.848,0.614,0.868,0.653,0.805,0.916,0.709,0.843,0.827,0.903,0.442,0.856,0.695,0.58,0.92,0.921,0.649,0.713,0.84,0.796,0.892,0.712,0.695,0.554,0.62,0.602,0.902,0.814,0.953,0.902,0.902,0.776,0.81,0.803,0.571,0.815
"COL23A1",0.748,0,0.863,0.887,0.755,0.839,0.856,0.845,0.623,0.681,0.755,0.755,0.697,0.802,0.839,0.726,0,0,0.898,0.837,0.755,0.882,0.604,0.839,0.666,0.924,0.814,0.83,0.829,0.9,0.898,0.844,0.899,0.92,0.604,0.697,0.846,0,0.749,0.749,0.659,0.685,0.96,0.911,0,0.844,0.814,0.839,0.755,0.882,0.755,0.867,0.917,0.864,0.83,0.839,0.793,0.915,0.917,0.783,0.935,0.755,0.781,0.783,0.925,0.853,0.862,0.777,0.853,0.941,0.836,0.802,0.839,0.777,0.697,0.926,0.837,0.726,0.845,0.845,0.799,0.96,0.623,0.96,0.96,0.96,0.887,0.947,0.829,0.726,0.53
"COL4A1",0.767,0.609,0.778,0.927,0.71,0.738,0.915,0.901,0.724,0.719,0.732,0.844,0.793,0.775,0.713,0.624,0,0,0.78,0.798,0.724,0.832,0.629,0.624,0.799,0.746,0.669,0.68,0.656,0.656,0.563,0.775,0.744,0.943,0.718,0.606,0.666,0.556,0.706,0.895,0.809,0.614,0.96,0.888,0.734,0.883,0.641,0.626,0.751,0.595,0.678,0.807,0.937,0.885,0.688,0.799,0.736,0.884,0.615,0.867,0.865,0.774,0.853,0.866,0.944,0.663,0.841,0.617,0.673,0.949,0.922,0.682,0.723,0.845,0.839,0.93,0.727,0.771,0.645,0.715,0.656,0.91,0.77,0.96,0.91,0.91,0.884,0.845,0.791,0.618,0.809
"DOK6",0.847,0.907,0.441,0.927,0.797,0.711,0.892,0.89,0.684,0.705,0.666,0.853,0.854,0.771,0.488,0.877,0.898,0.78,0,0.78,0.35,0.68,0.83,0.691,0.79,0.936,0.868,0.755,0.876,0.424,0.503,0.62,0.909,0.932,0.861,0.821,0.903,0.781,0.816,0.913,0.848,0.928,0.912,0.874,0.898,0.791,0.651,0.683,0.819,0.762,0.841,0.781,0.944,0.758,0.765,0.402,0.536,0.72,0.885,0.867,0.607,0.572,0.817,0.889,0.95,0.888,0.555,0.863,0.907,0.953,0.9,0.869,0.703,0.73,0.835,0.902,0.873,0.885,0.753,0.673,0.827,0.903,0.881,0.907,0.903,0.903,0.899,0.951,0.588,0.82,0.883
"DRD4",0.8,0.865,0.709,0.898,0.789,0.814,0.881,0.868,0.63,0.62,0.647,0.852,0.793,0.79,0.707,0.73,0.837,0.798,0.78,0,0.742,0.757,0.808,0.74,0.846,0.902,0.859,0.746,0.776,0.74,0.295,0.649,0.875,0.926,0.834,0.792,0.868,0.754,0.724,0.858,0.844,0.893,0.912,0.788,0.873,0.765,0.709,0.687,0.866,0.745,0.853,0.727,0.905,0.856,0.798,0.722,0.668,0.756,0.82,0.781,0.84,0.697,0.713,0.746,0.837,0.695,0.776,0.786,0.862,0.907,0.876,0.789,0.649,0.83,0.703,0.743,0.767,0.752,0.785,0.795,0.798,0.699,0.878,0.911,0.699,0.699,0.694,0.857,0.709,0.791,0.905
"EFS",0.59,0.849,0.418,0.86,0.697,0.674,0.838,0.807,0.593,0.681,0.439,0.537,0.709,0.686,0.534,0.747,0.755,0.724,0.35,0.742,0,0.654,0.761,0.682,0.644,0.877,0.775,0.694,0.793,0.535,0.326,0.579,0.859,0.881,0.753,0.734,0.83,0.62,0.759,0.833,0.632,0.849,0.891,0.809,0.836,0.759,0.588,0.649,0.509,0.724,0.503,0.644,0.896,0.616,0.751,0.465,0.558,0.75,0.867,0.792,0.674,0.41,0.791,0.793,0.867,0.832,0.528,0.797,0.837,0.906,0.863,0.798,0.554,0.627,0.778,0.846,0.799,0.801,0.663,0.473,0.754,0.854,0.811,0.89,0.854,0.854,0.807,0.907,0.507,0.725,0.801
"ESRRG",0.877,0.846,0.566,0.82,0.695,0.755,0.851,0.566,0.719,0.63,0.723,0.879,0.841,0.821,0.651,0.866,0.882,0.832,0.68,0.757,0.654,0,0.767,0.723,0.844,0.847,0.503,0.779,0.752,0.719,0.425,0.678,0.473,0.848,0.548,0.833,0.548,0.681,0.804,0.915,0.865,0.868,0.384,0.754,0.853,0.842,0.742,0.644,0.867,0.77,0.867,0.708,0.842,0.805,0.75,0.611,0.677,0.788,0.662,0.852,0.776,0.676,0.854,0.867,0.951,0.862,0.712,0.709,0.454,0.821,0.424,0.717,0.706,0.778,0.833,0.894,0.694,0.812,0.776,0.764,0.57,0,0.507,0.336,0,0,0.824,0.913,0.658,0.8,0.904
"EYA4",0.712,0.768,0.804,0.854,0.705,0.717,0.832,0.782,0.757,0.764,0.673,0.814,0.606,0.766,0.717,0.65,0.604,0.629,0.83,0.808,0.761,0.767,0,0.55,0.736,0.729,0.449,0.637,0.592,0.6,0.759,0.791,0.559,0.895,0.538,0.614,0.57,0.576,0.688,0.876,0.631,0.678,0.856,0.849,0.795,0.851,0.642,0.697,0.728,0.646,0.687,0.824,0.87,0.862,0.714,0.78,0.72,0.855,0.603,0.827,0.806,0.773,0.857,0.81,0.907,0.688,0.831,0.608,0.595,0.862,0.728,0.63,0.746,0.794,0.802,0.892,0.617,0.68,0.676,0.717,0.597,0.663,0.639,0.839,0.663,0.663,0.776,0.755,0.748,0.661,0.798
"FBN2",0.795,0.822,0.627,0.922,0.646,0.703,0.889,0.892,0.667,0.696,0.696,0.871,0.797,0.745,0.604,0.706,0.839,0.624,0.691,0.74,0.682,0.723,0.55,0,0.847,0.778,0.584,0.667,0.675,0.567,0.205,0.664,0.611,0.942,0.753,0.71,0.661,0.597,0.707,0.904,0.856,0.731,0.926,0.782,0.892,0.835,0.605,0.6,0.785,0.611,0.701,0.749,0.926,0.834,0.714,0.711,0.623,0.79,0.623,0.855,0.774,0.679,0.834,0.831,0.921,0.672,0.757,0.602,0.731,0.932,0.895,0.614,0.684,0.77,0.815,0.88,0.571,0.796,0.623,0.689,0.611,0.818,0.756,0.923,0.818,0.818,0.807,0.774,0.699,0.63,0.895
"FIGN",0.606,0.799,0.776,0.829,0.836,0.629,0.751,0.771,0.763,0.829,0.733,0.662,0.758,0.788,0.806,0.773,0.666,0.799,0.79,0.846,0.644,0.844,0.736,0.847,0,0.844,0.72,0.781,0.84,0.836,0.756,0.781,0.841,0.852,0.577,0.632,0.809,0.766,0.81,0.8,0.579,0.767,0.913,0.792,0.779,0.788,0.8,0.797,0.616,0.847,0.648,0.84,0.868,0.779,0.857,0.762,0.783,0.85,0.899,0.772,0.885,0.695,0.818,0.796,0.867,0.826,0.727,0.853,0.823,0.886,0.856,0.853,0.772,0.788,0.746,0.853,0.874,0.77,0.804,0.741,0.763,0.902,0.608,0.912,0.902,0.902,0.776,0.899,0.755,0.569,0.625
"FLG",0.839,0.767,0.906,0.738,0.812,0.789,0.654,0.854,0.916,0.876,0.834,0.893,0.838,0.852,0.848,0.775,0.924,0.746,0.936,0.902,0.877,0.847,0.729,0.778,0.844,0,0.708,0.782,0.752,0.847,0.929,0.887,0.765,0.847,0.753,0.802,0.667,0.792,0.824,0.956,0.883,0.602,0.886,0.858,0.798,0.907,0.797,0.805,0.749,0.776,0.729,0.915,0.777,0.915,0.725,0.648,0.882,0.887,0.716,0.867,0.953,0.889,0.94,0.888,0.962,0.725,0.914,0.738,0.683,0.748,0.856,0.753,0.856,0.924,0.905,0.934,0.803,0.849,0.777,0.806,0.702,0.819,0.843,0.884,0.819,0.819,0.807,0.872,0.858,0.736,0.928
"FOXI2",0.73,0.824,0.819,0.819,0.736,0.669,0.873,0.608,0.831,0.783,0.757,0.801,0.84,0.822,0.789,0.705,0.814,0.669,0.868,0.859,0.775,0.503,0.449,0.584,0.72,0.708,0,0.636,0.603,0.816,0.832,0.845,0.132,0.85,0.43,0.642,0.296,0.625,0.774,0.888,0.779,0.744,0.417,0.774,0.846,0.861,0.711,0.773,0.652,0.717,0.685,0.856,0.831,0.851,0.738,0.822,0.812,0.881,0.545,0.847,0.919,0.797,0.884,0.827,0.903,0.73,0.831,0.586,0.284,0.826,0.489,0.608,0.818,0.861,0.873,0.893,0.629,0.785,0.709,0.71,0.445,0,0.413,0.41,0,0,0.807,0.774,0.826,0.666,0.859
"GAP43",0.64,0.767,0.66,0.908,0.72,0.603,0.82,0.855,0.687,0.735,0.59,0.814,0.707,0.726,0.655,0.625,0.83,0.68,0.755,0.746,0.694,0.779,0.637,0.667,0.781,0.782,0.636,0,0.642,0.633,0.295,0.696,0.769,0.929,0.716,0.647,0.646,0.642,0.657,0.875,0.798,0.793,0.931,0.776,0.854,0.837,0.596,0.622,0.657,0.671,0.681,0.788,0.921,0.826,0.682,0.715,0.596,0.824,0.727,0.828,0.848,0.713,0.838,0.799,0.919,0.601,0.745,0.676,0.658,0.932,0.882,0.702,0.695,0.767,0.814,0.888,0.743,0.799,0.535,0.56,0.652,0.868,0.807,0.93,0.868,0.868,0.824,0.83,0.697,0.626,0.755
"GATA2",0.76,0.833,0.833,0.895,0.612,0.628,0.892,0.795,0.733,0.644,0.689,0.855,0.75,0.784,0.756,0.643,0.829,0.656,0.876,0.776,0.793,0.752,0.592,0.675,0.84,0.752,0.603,0.642,0,0.686,0.638,0.806,0.716,0.922,0.639,0.677,0.541,0.59,0.658,0.908,0.84,0.758,0.85,0.298,0.89,0.844,0.591,0.661,0.719,0.636,0.707,0.763,0.917,0.808,0.7,0.823,0.712,0.845,0.553,0.811,0.885,0.721,0.853,0.737,0.9,0.686,0.85,0.502,0.533,0.913,0.813,0.543,0.712,0.784,0.787,0.826,0.456,0.722,0.635,0.674,0.542,0.161,0.774,0.848,0.161,0.161,0.798,0.667,0.765,0.592,0.896
"GFRAL",0.817,0.866,0.56,0.93,0.692,0.671,0.9,0.85,0.668,0.673,0.484,0.87,0.802,0.674,0.521,0.642,0.9,0.656,0.424,0.74,0.535,0.719,0.6,0.567,0.836,0.847,0.816,0.633,0.686,0,0.48,0.676,0.839,0.943,0.803,0.756,0.752,0.634,0.663,0.918,0.854,0.833,0.925,0.869,0.878,0.807,0.568,0.591,0.781,0.656,0.694,0.773,0.941,0.793,0.701,0.569,0.566,0.75,0.616,0.847,0.671,0.622,0.821,0.86,0.944,0.675,0.683,0.671,0.774,0.949,0.902,0.697,0.646,0.695,0.812,0.899,0.69,0.82,0.588,0.593,0.674,0.891,0.878,0.925,0.891,0.891,0.874,0.801,0.634,0.642,0.902
"GPR26",0.782,0.862,0,0.895,0.562,0.608,0.864,0.861,0.174,0.425,0.205,0.779,0.664,0.723,0.205,0.702,0.898,0.563,0.503,0.295,0.326,0.425,0.759,0.205,0.756,0.929,0.832,0.295,0.638,0.48,0,0.376,0.903,0.924,0.756,0.72,0.859,0.425,0.326,0.886,0.756,0.906,0.903,0.874,0.876,0.766,0.205,0.174,0.779,0.295,0.779,0.472,0.926,0.712,0.593,0.205,0.205,0.706,0.665,0.745,0.665,0.326,0.776,0.792,0.93,0.81,0.295,0.478,0.867,0.946,0.873,0.577,0.205,0.705,0.627,0.869,0.638,0.756,0.425,0.425,0.673,0.903,0.862,0.903,0.903,0.903,0.899,0.951,0.205,0.756,0.861
"GRIK3",0.767,0.823,0.539,0.906,0.781,0.717,0.792,0.858,0.641,0.718,0.633,0.769,0.794,0.706,0.578,0.821,0.844,0.775,0.62,0.649,0.579,0.678,0.791,0.664,0.781,0.887,0.845,0.696,0.806,0.676,0.376,0,0.885,0.928,0.809,0.687,0.879,0.727,0.56,0.787,0.804,0.909,0.914,0.85,0.883,0.408,0.654,0.587,0.81,0.675,0.816,0.716,0.917,0.771,0.783,0.549,0.526,0.41,0.856,0.684,0.723,0.596,0.583,0.568,0.76,0.754,0.593,0.79,0.884,0.932,0.888,0.797,0.665,0.734,0.656,0.761,0.826,0.827,0.702,0.661,0.788,0.882,0.86,0.917,0.882,0.882,0.824,0.92,0.407,0.792,0.876
"GSC2",0.775,0.838,0.858,0.821,0.759,0.789,0.877,0.602,0.872,0.812,0.819,0.887,0.863,0.84,0.798,0.763,0.899,0.744,0.909,0.875,0.859,0.473,0.559,0.611,0.841,0.765,0.132,0.769,0.716,0.839,0.903,0.885,0,0.842,0.49,0.826,0.379,0.691,0.82,0.92,0.872,0.746,0.288,0.774,0.866,0.907,0.819,0.792,0.784,0.76,0.743,0.888,0.822,0.882,0.78,0.841,0.873,0.894,0.546,0.892,0.927,0.863,0.911,0.89,0.918,0.74,0.884,0.626,0.38,0.814,0.435,0.655,0.847,0.892,0.905,0.913,0.66,0.813,0.77,0.812,0.516,0,0.356,0.28,0,0,0.807,0.774,0.869,0.765,0.916
"HMGCLL1",0.895,0.878,0.868,0.746,0.935,0.904,0.854,0.85,0.934,0.915,0.911,0.894,0.935,0.938,0.923,0.928,0.92,0.943,0.932,0.926,0.881,0.848,0.895,0.942,0.852,0.847,0.85,0.929,0.922,0.943,0.924,0.928,0.842,0,0.865,0.916,0.873,0.919,0.942,0.949,0.893,0.828,0.81,0.87,0.825,0.928,0.929,0.929,0.867,0.95,0.888,0.907,0.819,0.915,0.901,0.817,0.93,0.943,0.923,0.926,0.948,0.893,0.947,0.936,0.96,0.947,0.912,0.917,0.857,0.745,0.814,0.923,0.922,0.923,0.94,0.953,0.919,0.862,0.935,0.92,0.883,0.775,0.862,0.808,0.775,0.775,0.837,0.961,0.889,0.902,0.924
"IKZF1",0.722,0.79,0.802,0.827,0.727,0.661,0.838,0.584,0.784,0.723,0.759,0.768,0.79,0.809,0.802,0.73,0.604,0.718,0.861,0.834,0.753,0.548,0.538,0.753,0.577,0.753,0.43,0.716,0.639,0.803,0.756,0.809,0.49,0.865,0,0.679,0.463,0.62,0.773,0.856,0.696,0.714,0.542,0.774,0.812,0.835,0.756,0.761,0.721,0.787,0.701,0.802,0.856,0.839,0.773,0.824,0.788,0.866,0.582,0.808,0.913,0.747,0.85,0.814,0.901,0.763,0.83,0.665,0.427,0.85,0.525,0.664,0.803,0.823,0.809,0.882,0.671,0.73,0.753,0.753,0.541,0,0.492,0.573,0,0,0.776,0.84,0.795,0.609,0.774
"INA",0.656,0.818,0.784,0.896,0.763,0.705,0.857,0.859,0.648,0.779,0.725,0.789,0.755,0.712,0.739,0.647,0.697,0.606,0.821,0.792,0.734,0.833,0.614,0.71,0.632,0.802,0.642,0.647,0.677,0.756,0.72,0.687,0.826,0.916,0.679,0,0.67,0.65,0.734,0.862,0.718,0.728,0.943,0.854,0.833,0.753,0.679,0.758,0.706,0.74,0.692,0.817,0.921,0.844,0.799,0.773,0.677,0.694,0.723,0.838,0.846,0.735,0.748,0.815,0.92,0.669,0.807,0.68,0.656,0.932,0.881,0.723,0.79,0.813,0.769,0.903,0.762,0.789,0.663,0.715,0.664,0.909,0.654,0.943,0.909,0.909,0.84,0.817,0.763,0.63,0.753
"IRX4",0.743,0.823,0.851,0.844,0.627,0.592,0.902,0.61,0.868,0.783,0.718,0.851,0.822,0.792,0.787,0.631,0.846,0.666,0.903,0.868,0.83,0.548,0.57,0.661,0.809,0.667,0.296,0.646,0.541,0.752,0.859,0.879,0.379,0.873,0.463,0.67,0,0.587,0.737,0.922,0.834,0.662,0.481,0.774,0.878,0.892,0.636,0.745,0.608,0.694,0.651,0.87,0.869,0.872,0.718,0.856,0.781,0.908,0.412,0.869,0.925,0.832,0.91,0.866,0.935,0.625,0.88,0.523,0.212,0.848,0.543,0.511,0.823,0.874,0.882,0.92,0.591,0.777,0.632,0.639,0.396,0,0.54,0.525,0,0,0.874,0.828,0.861,0.563,0.899
"ITGA8",0.738,0.732,0.745,0.886,0.543,0.714,0.895,0.813,0.709,0.683,0.554,0.688,0.72,0.645,0.692,0.535,0,0.556,0.781,0.754,0.62,0.681,0.576,0.597,0.766,0.792,0.625,0.642,0.59,0.634,0.425,0.727,0.691,0.919,0.62,0.65,0.587,0,0.622,0.861,0.7,0.722,0.849,0.825,0.794,0.821,0.601,0.651,0.636,0.662,0.547,0.795,0.902,0.86,0.749,0.769,0.633,0.845,0.501,0.802,0.846,0.63,0.819,0.777,0.866,0.656,0.796,0.539,0.571,0.909,0.786,0.606,0.674,0.82,0.781,0.878,0.607,0.736,0.637,0.608,0.601,0.161,0.715,0.825,0.161,0.161,0.84,0.801,0.732,0.622,0.777
"KCNA1",0.715,0.799,0.762,0.916,0.708,0.729,0.839,0.881,0.691,0.709,0.645,0.817,0.685,0.773,0.716,0.502,0.749,0.706,0.816,0.724,0.759,0.804,0.688,0.707,0.81,0.824,0.774,0.657,0.658,0.663,0.326,0.56,0.82,0.942,0.773,0.734,0.737,0.622,0,0.738,0.774,0.809,0.951,0.82,0.877,0.646,0.664,0.64,0.76,0.651,0.705,0.74,0.916,0.867,0.817,0.79,0.637,0.72,0.697,0.66,0.889,0.749,0.792,0.651,0.839,0.659,0.81,0.689,0.718,0.934,0.925,0.692,0.728,0.841,0.65,0.789,0.719,0.742,0.639,0.705,0.705,0.854,0.849,0.951,0.854,0.854,0.824,0.832,0.612,0.667,0.861
"KCNG1",0.807,0.892,0.889,0.941,0.909,0.856,0.911,0.908,0.894,0.879,0.862,0.756,0.874,0.872,0.884,0.887,0.749,0.895,0.913,0.858,0.833,0.915,0.876,0.904,0.8,0.956,0.888,0.875,0.908,0.918,0.886,0.787,0.92,0.949,0.856,0.862,0.922,0.861,0.738,0,0.841,0.902,0.961,0.933,0.89,0.499,0.859,0.891,0.848,0.923,0.864,0.858,0.946,0.874,0.914,0.866,0.888,0.881,0.951,0.662,0.935,0.816,0.655,0.626,0.616,0.898,0.801,0.929,0.93,0.959,0.938,0.922,0.888,0.872,0.774,0.588,0.927,0.9,0.9,0.893,0.885,0.94,0.871,0.96,0.94,0.94,0.884,0.949,0.813,0.87,0.814
"KIFC3",0.661,0.807,0.817,0.864,0.813,0.787,0.842,0.82,0.778,0.833,0.658,0.623,0.572,0.732,0.832,0.733,0.659,0.809,0.848,0.844,0.632,0.865,0.631,0.856,0.579,0.883,0.779,0.798,0.84,0.854,0.756,0.804,0.872,0.893,0.696,0.718,0.834,0.7,0.774,0.841,0,0.797,0.941,0.792,0.81,0.818,0.799,0.8,0.625,0.806,0.612,0.835,0.893,0.83,0.873,0.816,0.788,0.876,0.902,0.769,0.917,0.659,0.837,0.807,0.889,0.831,0.807,0.862,0.845,0.907,0.88,0.847,0.729,0.816,0.757,0.878,0.867,0.68,0.816,0.714,0.78,0.902,0.74,0.94,0.902,0.902,0.776,0.899,0.75,0.729,0.719
"KY",0.724,0.613,0.882,0.764,0.758,0.814,0.739,0.804,0.894,0.873,0.82,0.84,0.831,0.791,0.833,0.719,0.685,0.614,0.928,0.893,0.849,0.868,0.678,0.731,0.767,0.602,0.744,0.793,0.758,0.833,0.906,0.909,0.746,0.828,0.714,0.728,0.662,0.722,0.809,0.902,0.797,0,0.885,0.812,0.582,0.918,0.806,0.802,0.76,0.708,0.688,0.905,0.818,0.912,0.795,0.745,0.887,0.929,0.66,0.891,0.955,0.863,0.857,0.916,0.946,0.7,0.901,0.706,0.725,0.755,0.835,0.716,0.847,0.895,0.889,0.942,0.749,0.806,0.772,0.813,0.659,0.815,0.75,0.884,0.815,0.815,0.733,0.828,0.885,0.712,0.788
"LRRFIP1",0.938,0.91,0.846,0.802,0.856,0.847,0.893,0.45,0.938,0.831,0.914,0.942,0.958,0.937,0.896,0.954,0.96,0.96,0.912,0.912,0.891,0.384,0.856,0.926,0.913,0.886,0.417,0.931,0.85,0.925,0.903,0.914,0.288,0.81,0.542,0.943,0.481,0.849,0.951,0.961,0.941,0.885,0,0.774,0.885,0.942,0.917,0.91,0.921,0.94,0.935,0.902,0.834,0.846,0.845,0.831,0.918,0.916,0.731,0.946,0.904,0.874,0.946,0.957,0.98,0.96,0.906,0.827,0.408,0.797,0.313,0.832,0.91,0.865,0.934,0.955,0.802,0.902,0.934,0.928,0.638,0,0.416,0.088,0,0,0.899,0.975,0.894,0.918,0.953
"MIR124-3",0.82,0.812,0.82,0.823,0.558,0.769,0.887,0.406,0.782,0.783,0.782,0.809,0.862,0.883,0.782,0.792,0.911,0.888,0.874,0.788,0.809,0.754,0.849,0.782,0.792,0.858,0.774,0.776,0.298,0.869,0.874,0.85,0.774,0.87,0.774,0.854,0.774,0.825,0.82,0.933,0.792,0.812,0.774,0,0.812,0.873,0.782,0.737,0.809,0.85,0.809,0.751,0.865,0.769,0.832,0.782,0.782,0.858,0.774,0.783,0.885,0.769,0.89,0.827,0.938,0.914,0.85,0.558,0.754,0.84,0.704,0.769,0.782,0.769,0.829,0.914,0.558,0.792,0.836,0.85,0.406,0.774,0.774,0.774,0.774,0.774,0.813,0.956,0.782,0.792,0.88
"MMP26",0.775,0.54,0.861,0.77,0.868,0.866,0.745,0.8,0.842,0.84,0.851,0.853,0.842,0.885,0.868,0.83,0,0.734,0.898,0.873,0.836,0.853,0.795,0.892,0.779,0.798,0.846,0.854,0.89,0.878,0.876,0.883,0.866,0.825,0.812,0.833,0.878,0.794,0.877,0.89,0.81,0.582,0.885,0.812,0,0.907,0.877,0.869,0.848,0.897,0.858,0.878,0.795,0.879,0.83,0.743,0.871,0.909,0.908,0.88,0.876,0.849,0.902,0.895,0.933,0.878,0.883,0.876,0.873,0.76,0.833,0.898,0.846,0.852,0.873,0.925,0.874,0.845,0.883,0.882,0.834,0.815,0.796,0.885,0.815,0.815,0.627,0.926,0.84,0.86,0.796
"NALCN",0.797,0.871,0.804,0.912,0.848,0.817,0.855,0.877,0.808,0.833,0.797,0.71,0.838,0.699,0.79,0.852,0.844,0.883,0.791,0.765,0.759,0.842,0.851,0.835,0.788,0.907,0.861,0.837,0.844,0.807,0.766,0.408,0.907,0.928,0.835,0.753,0.892,0.821,0.646,0.499,0.818,0.918,0.942,0.873,0.907,0,0.778,0.786,0.818,0.848,0.828,0.762,0.93,0.849,0.866,0.784,0.728,0.501,0.898,0.554,0.853,0.742,0.458,0.497,0.535,0.837,0.728,0.869,0.895,0.94,0.922,0.855,0.812,0.83,0.67,0.563,0.876,0.862,0.843,0.833,0.842,0.917,0.885,0.933,0.917,0.917,0.853,0.934,0.619,0.813,0.872
"NDRG4",0.722,0.803,0.637,0.91,0.567,0.618,0.884,0.876,0.62,0.684,0.585,0.829,0.708,0.697,0.638,0.626,0.814,0.641,0.651,0.709,0.588,0.742,0.642,0.605,0.8,0.797,0.711,0.596,0.591,0.568,0.205,0.654,0.819,0.929,0.756,0.679,0.636,0.601,0.664,0.859,0.799,0.806,0.917,0.782,0.877,0.778,0,0.625,0.753,0.649,0.744,0.712,0.934,0.655,0.698,0.685,0.564,0.763,0.643,0.811,0.754,0.591,0.769,0.75,0.849,0.677,0.698,0.555,0.696,0.94,0.879,0.544,0.646,0.611,0.746,0.841,0.652,0.759,0.61,0.627,0.67,0.818,0.857,0.919,0.818,0.818,0.84,0.817,0.625,0.674,0.846
"NPR3",0.752,0.722,0.603,0.902,0.66,0.669,0.825,0.849,0.625,0.635,0.635,0.835,0.729,0.761,0.612,0.654,0.839,0.626,0.683,0.687,0.649,0.644,0.697,0.6,0.797,0.805,0.773,0.622,0.661,0.591,0.174,0.587,0.792,0.929,0.761,0.758,0.745,0.651,0.64,0.891,0.8,0.802,0.91,0.737,0.869,0.786,0.625,0,0.785,0.545,0.716,0.71,0.903,0.761,0.685,0.673,0.553,0.73,0.665,0.758,0.807,0.625,0.827,0.795,0.916,0.666,0.704,0.599,0.779,0.919,0.877,0.652,0.549,0.727,0.736,0.867,0.655,0.733,0.671,0.684,0.633,0.818,0.836,0.913,0.818,0.818,0.824,0.801,0.618,0.684,0.878
"NTM",0.63,0.853,0.803,0.856,0.776,0.578,0.852,0.818,0.826,0.85,0.578,0.468,0.797,0.667,0.798,0.592,0.755,0.751,0.819,0.866,0.509,0.867,0.728,0.785,0.616,0.749,0.652,0.657,0.719,0.781,0.779,0.81,0.784,0.867,0.721,0.706,0.608,0.636,0.76,0.848,0.625,0.76,0.921,0.809,0.848,0.818,0.753,0.785,0,0.798,0.276,0.859,0.891,0.81,0.831,0.794,0.748,0.867,0.789,0.816,0.895,0.585,0.856,0.822,0.885,0.707,0.769,0.782,0.69,0.898,0.898,0.793,0.766,0.825,0.847,0.871,0.824,0.811,0.69,0.51,0.684,0.907,0.807,0.92,0.907,0.907,0.807,0.869,0.792,0.554,0.799
"OR10J5",0.782,0.815,0.663,0.931,0.697,0.744,0.872,0.899,0.61,0.7,0.658,0.879,0.686,0.772,0.542,0.695,0.882,0.595,0.762,0.745,0.724,0.77,0.646,0.611,0.847,0.776,0.717,0.671,0.636,0.656,0.295,0.675,0.76,0.95,0.787,0.74,0.694,0.662,0.651,0.923,0.806,0.708,0.94,0.85,0.897,0.848,0.649,0.545,0.798,0,0.737,0.754,0.927,0.85,0.686,0.74,0.681,0.796,0.668,0.767,0.852,0.738,0.875,0.777,0.936,0.654,0.764,0.607,0.754,0.942,0.92,0.667,0.632,0.823,0.786,0.874,0.672,0.743,0.638,0.704,0.638,0.876,0.804,0.939,0.876,0.876,0.87,0.828,0.633,0.679,0.911
"PCDH10",0.686,0.823,0.819,0.867,0.709,0.663,0.865,0.832,0.821,0.842,0.56,0.454,0.798,0.457,0.758,0.546,0.755,0.678,0.841,0.853,0.503,0.867,0.687,0.701,0.648,0.729,0.685,0.681,0.707,0.694,0.779,0.816,0.743,0.888,0.701,0.692,0.651,0.547,0.705,0.864,0.612,0.688,0.935,0.809,0.858,0.828,0.744,0.716,0.276,0.737,0,0.856,0.892,0.834,0.835,0.818,0.781,0.873,0.651,0.807,0.912,0.574,0.863,0.83,0.89,0.626,0.8,0.707,0.69,0.903,0.909,0.71,0.722,0.838,0.84,0.877,0.76,0.767,0.664,0.473,0.616,0.907,0.793,0.934,0.907,0.907,0.807,0.801,0.799,0.494,0.818
"PDE4B",0.769,0.873,0.656,0.901,0.713,0.808,0.895,0.816,0.592,0.679,0.701,0.852,0.759,0.859,0.668,0.847,0.867,0.807,0.781,0.727,0.644,0.708,0.824,0.749,0.84,0.915,0.856,0.788,0.763,0.773,0.472,0.716,0.888,0.907,0.802,0.817,0.87,0.795,0.74,0.858,0.835,0.905,0.902,0.751,0.878,0.762,0.712,0.71,0.859,0.754,0.856,0,0.913,0.798,0.828,0.701,0.721,0.837,0.86,0.724,0.795,0.716,0.839,0.759,0.883,0.831,0.782,0.772,0.864,0.909,0.871,0.807,0.662,0.774,0.715,0.812,0.727,0.802,0.752,0.766,0.778,0.78,0.872,0.898,0.78,0.78,0.857,0.919,0.627,0.77,0.908
"PIGB",0.84,0.861,0.863,0.607,0.924,0.922,0.807,0.835,0.928,0.899,0.898,0.905,0.898,0.938,0.924,0.904,0.917,0.937,0.944,0.905,0.896,0.842,0.87,0.926,0.868,0.777,0.831,0.921,0.917,0.941,0.926,0.917,0.822,0.819,0.856,0.921,0.869,0.902,0.916,0.946,0.893,0.818,0.834,0.865,0.795,0.93,0.934,0.903,0.891,0.927,0.892,0.913,0,0.935,0.849,0.721,0.927,0.933,0.899,0.912,0.964,0.907,0.941,0.917,0.937,0.914,0.928,0.904,0.855,0.607,0.836,0.912,0.881,0.939,0.934,0.939,0.904,0.856,0.928,0.929,0.862,0.802,0.859,0.832,0.802,0.802,0.572,0.92,0.886,0.907,0.935
"PODN",0.732,0.888,0.736,0.912,0.754,0.44,0.864,0.854,0.77,0.831,0.756,0.841,0.832,0.852,0.775,0.86,0.864,0.885,0.758,0.856,0.616,0.805,0.862,0.834,0.779,0.915,0.851,0.826,0.808,0.793,0.712,0.771,0.882,0.915,0.839,0.844,0.872,0.86,0.867,0.874,0.83,0.912,0.846,0.769,0.879,0.849,0.655,0.761,0.81,0.85,0.834,0.798,0.935,0,0.783,0.719,0.783,0.809,0.916,0.863,0.742,0.558,0.861,0.873,0.924,0.897,0.759,0.851,0.873,0.938,0.808,0.78,0.755,0.291,0.823,0.877,0.822,0.862,0.769,0.703,0.795,0.855,0.853,0.876,0.855,0.855,0.892,0.941,0.75,0.762,0.868
"PPP1R16B",0.869,0.749,0.724,0.831,0.742,0.728,0.785,0.827,0.775,0.657,0.774,0.881,0.824,0.82,0.729,0.797,0.83,0.688,0.765,0.798,0.751,0.75,0.714,0.714,0.857,0.725,0.738,0.682,0.7,0.701,0.593,0.783,0.78,0.901,0.773,0.799,0.718,0.749,0.817,0.914,0.873,0.795,0.845,0.832,0.83,0.866,0.698,0.685,0.831,0.686,0.835,0.828,0.849,0.783,0,0.556,0.689,0.821,0.749,0.883,0.82,0.662,0.86,0.897,0.962,0.801,0.818,0.686,0.761,0.836,0.779,0.74,0.566,0.749,0.852,0.909,0.712,0.853,0.77,0.807,0.741,0.732,0.779,0.845,0.732,0.732,0.889,0.894,0.745,0.796,0.829
"PTPN5",0.836,0.781,0.342,0.718,0.777,0.675,0.616,0.822,0.659,0.675,0.682,0.821,0.85,0.797,0.535,0.848,0.839,0.799,0.402,0.722,0.465,0.611,0.78,0.711,0.762,0.648,0.822,0.715,0.823,0.569,0.205,0.549,0.841,0.817,0.824,0.773,0.856,0.769,0.79,0.866,0.816,0.745,0.831,0.782,0.743,0.784,0.685,0.673,0.794,0.74,0.818,0.701,0.721,0.719,0.556,0,0.566,0.711,0.879,0.844,0.615,0.566,0.803,0.843,0.922,0.851,0.511,0.813,0.853,0.738,0.792,0.824,0.656,0.665,0.801,0.87,0.831,0.852,0.732,0.665,0.796,0.818,0.819,0.829,0.818,0.818,0.839,0.933,0.575,0.775,0.847
"RASGRF1",0.734,0.846,0.529,0.909,0.724,0.662,0.853,0.865,0.553,0.6,0.512,0.824,0.729,0.65,0.567,0.614,0.793,0.736,0.536,0.668,0.558,0.677,0.72,0.623,0.783,0.882,0.812,0.596,0.712,0.566,0.205,0.526,0.873,0.93,0.788,0.677,0.781,0.633,0.637,0.888,0.788,0.887,0.918,0.782,0.871,0.728,0.564,0.553,0.748,0.681,0.781,0.721,0.927,0.783,0.689,0.566,0,0.601,0.758,0.791,0.735,0.582,0.73,0.8,0.93,0.674,0.664,0.729,0.8,0.938,0.885,0.753,0.576,0.728,0.748,0.876,0.748,0.785,0.624,0.621,0.709,0.818,0.857,0.917,0.818,0.818,0.853,0.889,0.574,0.713,0.841
"RIMS4",0.828,0.837,0.736,0.932,0.844,0.772,0.795,0.887,0.789,0.807,0.784,0.879,0.848,0.608,0.719,0.868,0.915,0.884,0.72,0.756,0.75,0.788,0.855,0.79,0.85,0.887,0.881,0.824,0.845,0.75,0.706,0.41,0.894,0.943,0.866,0.694,0.908,0.845,0.72,0.881,0.876,0.929,0.916,0.858,0.909,0.501,0.763,0.73,0.867,0.796,0.873,0.837,0.933,0.809,0.821,0.711,0.601,0,0.878,0.764,0.774,0.693,0.561,0.762,0.856,0.771,0.747,0.849,0.903,0.942,0.898,0.833,0.784,0.781,0.709,0.828,0.858,0.884,0.829,0.823,0.84,0.889,0.88,0.905,0.889,0.889,0.824,0.92,0.597,0.843,0.894
"SALL1",0.823,0.721,0.857,0.896,0.53,0.736,0.922,0.754,0.819,0.693,0.768,0.912,0.831,0.768,0.724,0.653,0.917,0.615,0.885,0.82,0.867,0.662,0.603,0.623,0.899,0.716,0.545,0.727,0.553,0.616,0.665,0.856,0.546,0.923,0.582,0.723,0.412,0.501,0.697,0.951,0.902,0.66,0.731,0.774,0.908,0.898,0.643,0.665,0.789,0.668,0.651,0.86,0.899,0.916,0.749,0.879,0.758,0.878,0,0.889,0.898,0.846,0.899,0.907,0.948,0.628,0.911,0.465,0.41,0.892,0.726,0.441,0.778,0.876,0.876,0.922,0.517,0.729,0.646,0.741,0.457,0,0.672,0.733,0,0,0.824,0.667,0.861,0.623,0.936
"SCN7A",0.761,0.832,0.835,0.902,0.822,0.816,0.834,0.872,0.783,0.801,0.781,0.768,0.744,0.852,0.82,0.805,0.783,0.867,0.867,0.781,0.792,0.852,0.827,0.855,0.772,0.867,0.847,0.828,0.811,0.847,0.745,0.684,0.892,0.926,0.808,0.838,0.869,0.802,0.66,0.662,0.769,0.891,0.946,0.783,0.88,0.554,0.811,0.758,0.816,0.767,0.807,0.724,0.912,0.863,0.883,0.844,0.791,0.764,0.889,0,0.923,0.781,0.7,0.508,0.647,0.83,0.812,0.847,0.876,0.923,0.92,0.837,0.802,0.851,0.563,0.596,0.851,0.813,0.842,0.841,0.819,0.883,0.884,0.946,0.883,0.883,0.834,0.876,0.717,0.803,0.875
"SHISA2",0.921,0.935,0.666,0.951,0.847,0.769,0.921,0.914,0.789,0.819,0.795,0.917,0.922,0.842,0.669,0.916,0.935,0.865,0.607,0.84,0.674,0.776,0.806,0.774,0.885,0.953,0.919,0.848,0.885,0.671,0.665,0.723,0.927,0.948,0.913,0.846,0.925,0.846,0.889,0.935,0.917,0.955,0.904,0.885,0.876,0.853,0.754,0.807,0.895,0.852,0.912,0.795,0.964,0.742,0.82,0.615,0.735,0.774,0.898,0.923,0,0.741,0.866,0.922,0.966,0.919,0.712,0.871,0.925,0.964,0.889,0.901,0.815,0.548,0.874,0.934,0.869,0.925,0.84,0.793,0.893,0.916,0.92,0.922,0.916,0.916,0.947,0.967,0.718,0.844,0.927
"SIRPG",0.769,0.844,0.518,0.868,0.67,0.536,0.838,0.815,0.637,0.692,0.552,0.59,0.802,0.666,0.6,0.709,0.755,0.774,0.572,0.697,0.41,0.676,0.773,0.679,0.695,0.889,0.797,0.713,0.721,0.622,0.326,0.596,0.863,0.893,0.747,0.735,0.832,0.63,0.749,0.816,0.659,0.863,0.874,0.769,0.849,0.742,0.591,0.625,0.585,0.738,0.574,0.716,0.907,0.558,0.662,0.566,0.582,0.693,0.846,0.781,0.741,0,0.69,0.77,0.848,0.782,0.615,0.776,0.827,0.914,0.826,0.71,0.579,0.547,0.744,0.772,0.774,0.773,0.698,0.593,0.735,0.854,0.826,0.865,0.854,0.854,0.807,0.907,0.574,0.684,0.792
"SLC18A3",0.792,0.885,0.82,0.933,0.846,0.833,0.89,0.906,0.817,0.848,0.814,0.782,0.843,0.669,0.803,0.843,0.781,0.853,0.817,0.713,0.791,0.854,0.857,0.834,0.818,0.94,0.884,0.838,0.853,0.821,0.776,0.583,0.911,0.947,0.85,0.748,0.91,0.819,0.792,0.655,0.837,0.857,0.946,0.89,0.902,0.458,0.769,0.827,0.856,0.875,0.863,0.839,0.941,0.861,0.86,0.803,0.73,0.561,0.899,0.7,0.866,0.69,0,0.602,0.55,0.727,0.738,0.881,0.909,0.95,0.909,0.845,0.815,0.816,0.757,0.681,0.881,0.879,0.851,0.858,0.862,0.903,0.892,0.935,0.903,0.903,0.853,0.934,0.724,0.836,0.849
"SLC4A11",0.75,0.876,0.855,0.91,0.85,0.834,0.864,0.882,0.754,0.807,0.81,0.69,0.8,0.892,0.842,0.827,0.783,0.866,0.889,0.746,0.793,0.867,0.81,0.831,0.796,0.888,0.827,0.799,0.737,0.86,0.792,0.568,0.89,0.936,0.814,0.815,0.866,0.777,0.651,0.626,0.807,0.916,0.957,0.827,0.895,0.497,0.75,0.795,0.822,0.777,0.83,0.759,0.917,0.873,0.897,0.843,0.8,0.762,0.907,0.508,0.922,0.77,0.602,0,0.537,0.852,0.726,0.82,0.859,0.932,0.936,0.83,0.786,0.866,0.679,0.543,0.823,0.814,0.824,0.847,0.805,0.898,0.883,0.957,0.898,0.898,0.834,0.894,0.622,0.779,0.888
"SLC6A15",0.81,0.945,0.935,0.945,0.934,0.92,0.947,0.937,0.921,0.944,0.89,0.767,0.881,0.943,0.924,0.903,0.925,0.944,0.95,0.837,0.867,0.951,0.907,0.921,0.867,0.962,0.903,0.919,0.9,0.944,0.93,0.76,0.918,0.96,0.901,0.92,0.935,0.866,0.839,0.616,0.889,0.946,0.98,0.938,0.933,0.535,0.849,0.916,0.885,0.936,0.89,0.883,0.937,0.924,0.962,0.922,0.93,0.856,0.948,0.647,0.966,0.848,0.55,0.537,0,0.919,0.745,0.94,0.944,0.953,0.971,0.937,0.908,0.928,0.803,0.654,0.933,0.891,0.926,0.928,0.914,0.971,0.946,0.98,0.971,0.971,0.853,0.934,0.774,0.896,0.935
"SLITRK5",0.584,0.805,0.86,0.924,0.703,0.721,0.873,0.904,0.759,0.806,0.577,0.841,0.689,0.555,0.72,0.442,0.853,0.663,0.888,0.695,0.832,0.862,0.688,0.672,0.826,0.725,0.73,0.601,0.686,0.675,0.81,0.754,0.74,0.947,0.763,0.669,0.625,0.656,0.659,0.898,0.831,0.7,0.96,0.914,0.878,0.837,0.677,0.666,0.707,0.654,0.626,0.831,0.914,0.897,0.801,0.851,0.674,0.771,0.628,0.83,0.919,0.782,0.727,0.852,0.919,0,0.877,0.651,0.669,0.93,0.926,0.628,0.728,0.867,0.838,0.908,0.712,0.738,0.571,0.659,0.656,0.933,0.828,0.957,0.933,0.933,0.776,0.801,0.827,0.605,0.822
"SORCS1",0.796,0.893,0.439,0.907,0.831,0.715,0.88,0.86,0.724,0.778,0.707,0.795,0.844,0.83,0.604,0.856,0.862,0.841,0.555,0.776,0.528,0.712,0.831,0.757,0.727,0.914,0.831,0.745,0.85,0.683,0.295,0.593,0.884,0.912,0.83,0.807,0.88,0.796,0.81,0.801,0.807,0.901,0.906,0.85,0.883,0.728,0.698,0.704,0.769,0.764,0.8,0.782,0.928,0.759,0.818,0.511,0.664,0.747,0.911,0.812,0.712,0.615,0.738,0.726,0.745,0.877,0,0.861,0.885,0.938,0.89,0.866,0.739,0.744,0.813,0.817,0.871,0.864,0.784,0.724,0.819,0.882,0.854,0.904,0.882,0.882,0.872,0.939,0.548,0.793,0.856
"SOX17",0.788,0.734,0.815,0.891,0.515,0.706,0.847,0.783,0.719,0.642,0.729,0.878,0.781,0.788,0.706,0.695,0.777,0.617,0.863,0.786,0.797,0.709,0.608,0.602,0.853,0.738,0.586,0.676,0.502,0.671,0.478,0.79,0.626,0.917,0.665,0.68,0.523,0.539,0.689,0.929,0.862,0.706,0.827,0.558,0.876,0.869,0.555,0.599,0.782,0.607,0.707,0.772,0.904,0.851,0.686,0.813,0.729,0.849,0.465,0.847,0.871,0.776,0.881,0.82,0.94,0.651,0.861,0,0.562,0.897,0.79,0.458,0.678,0.782,0.826,0.893,0.485,0.743,0.65,0.735,0.524,0,0.714,0.815,0,0,0.643,0,0.784,0.649,0.905
"SOX21",0.783,0.833,0.842,0.828,0.668,0.637,0.897,0.552,0.874,0.74,0.736,0.863,0.841,0.805,0.806,0.58,0.853,0.673,0.907,0.862,0.837,0.454,0.595,0.731,0.823,0.683,0.284,0.658,0.533,0.774,0.867,0.884,0.38,0.857,0.427,0.656,0.212,0.571,0.718,0.93,0.845,0.725,0.408,0.754,0.873,0.895,0.696,0.779,0.69,0.754,0.69,0.864,0.855,0.873,0.761,0.853,0.8,0.903,0.41,0.876,0.925,0.827,0.909,0.859,0.944,0.669,0.885,0.562,0,0.829,0.467,0.582,0.831,0.875,0.885,0.921,0.605,0.779,0.633,0.674,0.366,0,0.487,0.411,0,0,0.862,0.845,0.859,0.606,0.908
"ST6GALNAC5",0.861,0.81,0.853,0.203,0.92,0.93,0.759,0.808,0.939,0.891,0.909,0.913,0.914,0.948,0.928,0.92,0.941,0.949,0.953,0.907,0.906,0.821,0.862,0.932,0.886,0.748,0.826,0.932,0.913,0.949,0.946,0.932,0.814,0.745,0.85,0.932,0.848,0.909,0.934,0.959,0.907,0.755,0.797,0.84,0.76,0.94,0.94,0.919,0.898,0.942,0.903,0.909,0.607,0.938,0.836,0.738,0.938,0.942,0.892,0.923,0.964,0.914,0.95,0.932,0.953,0.93,0.938,0.897,0.829,0,0.785,0.905,0.897,0.942,0.943,0.952,0.902,0.854,0.938,0.94,0.846,0.722,0.837,0.795,0.722,0.722,0.675,0.937,0.901,0.913,0.941
"SUB1",0.891,0.837,0.801,0.79,0.795,0.801,0.823,0.553,0.903,0.781,0.875,0.908,0.916,0.903,0.867,0.921,0.836,0.922,0.9,0.876,0.863,0.424,0.728,0.895,0.856,0.856,0.489,0.882,0.813,0.902,0.873,0.888,0.435,0.814,0.525,0.881,0.543,0.786,0.925,0.938,0.88,0.835,0.313,0.704,0.833,0.922,0.879,0.877,0.898,0.92,0.909,0.871,0.836,0.808,0.779,0.792,0.885,0.898,0.726,0.92,0.889,0.826,0.909,0.936,0.971,0.926,0.89,0.79,0.467,0.785,0,0.782,0.869,0.801,0.89,0.941,0.771,0.866,0.906,0.903,0.616,0,0.443,0.302,0,0,0.882,0.968,0.862,0.877,0.876
"TBX5",0.806,0.797,0.821,0.894,0.456,0.694,0.895,0.826,0.744,0.704,0.746,0.859,0.796,0.762,0.739,0.649,0.802,0.682,0.869,0.789,0.798,0.717,0.63,0.614,0.853,0.753,0.608,0.702,0.543,0.697,0.577,0.797,0.655,0.923,0.664,0.723,0.511,0.606,0.692,0.922,0.847,0.716,0.832,0.769,0.898,0.855,0.544,0.652,0.793,0.667,0.71,0.807,0.912,0.78,0.74,0.824,0.753,0.833,0.441,0.837,0.901,0.71,0.845,0.83,0.937,0.628,0.866,0.458,0.582,0.905,0.782,0,0.723,0.766,0.768,0.896,0.495,0.742,0.676,0.749,0.562,0,0.741,0.82,0,0,0.824,0.741,0.801,0.669,0.895
