"","ACOT11","ADAMTS20","ADAMTS5","ADCY4","AIP","AJAP1","AKR7L","ALX1","ALX4","APOBEC1","AQP1","ARHGEF4","ASCC1","ATG16L1","BHLHE23","BOLL","C16orf78","CABLES1","CACNA1B","CBLN4","CCDC8","CCDC81","CCL23","CCR4","CD1C","CD8A","CDO1","CDX2","CENPM","CFTR","CHRNA9","CLVS2","CMTM2","CNTNAP5","COL17A1","COLEC11","COX10","COX6C","CRTC1","CRYAB","CRYGD","CSPP1","CST9","CXCL5","DCTN2","DEFB119","DEGS1","DENND1B","DGKA","DGKI","DGUOK","DLC1","DNASE2","DOC2A","DRD4","DRD5","EEF1A1","EFNA4","EIF3G","ELF3","ELMOD3","EOMES","ESRRG","EXOC1","F11R","FAIM2","FCRLA","FOXB1","FOXB2","FOXD2","FOXI2","FRZB","GATA4","GATAD2B","GFRA2","GHITM","GHSR","GNG4","GRHL3","GRIK2","GRIK3","GSC","GSTM5","HES3","HLF","HMGCL","HORMAD2","HOXA5","HOXA7","HOXB2","HOXD10","HOXD12","HOXD13","HOXD3","HOXD4","HOXD8","HRH1","IFFO1","IL21R","IMMP2L","KCNK2","KRT5","KRTAP20-1","KRTDAP","KSR1","LEP","LIMD2","LMX1A","LONP2","LRAT","LRIT2","LUC7L3","LY6K","MAGI2","MAL2","MDGA2","MEGF11","MEOX2","MEST","MIR10A","MIR10B","MIR1197","MIR124-2","MIR124-3","MIR125B1","MIR129-2","MIR196A1","MIR196A2","MIR196B","MIR21","MIR493","MIR495","MIR526A1","MIR543","MIR657","MIR770","MKX","MNDA","MRGPRD","MRPL15","MSGN1","MSX1","MYT1","NAV1","NDUFAF3","NEFM","NETO1","NID2","NIPSNAP1","NKX2-4","NKX2-6","NKX2-8","NPBWR1","NPTX2","NSUN4","NUP43","OPN3","OPRM1","OR10G4","OR10J5","OR2Y1","OR51B2","OR8B12","OR8B8","OTP","PANK4","PANX3","PATE2","PAX3","PAX4","PCK1","PDE4B","PDPK1","PDYN","PFKFB2","PFN3","PHC3","PIGB","PIGV","PODN","POLR2D","PRDM13","PRRT1","PTF1A","RALYL","RGS22","RIN1","RUNX3","RUSC1","SAR1A","SATB2","SCARF1","SCN4A","SCT","SERPINB5","SIGLEC14","SIM1","SLC12A7","SLC22A6","SLC2A14","SLC6A2","SLURP1","SNORD113-4","SNORD115-10","SNORD93","SORCS1","SOX14","SP9","SPAG6","SPEG","SPHKAP","SRGN","SSTR4","STK19","SUB1","SVIL","SYTL1","TAC1","TACR3","TBPL2","TBX20","TCF15","TERT","TFAP2A","TMEM156","TMEM196","TMEM39A","TNFRSF10A","TNN","TP73","TRPM2","TUBB6","TWIST1","UBE2V2","WNT3","ZC3H12D","ZC3HAV1","ZFP42","ZIK1","ZNF132","ZNF135","ZNF154","ZNF177","ZNF418","ZNF454","ZNF471","ZNF492","ZNF560","ZNF572","ZNF577","ZNF667","ZNF709","ZNF781","ZSCAN1","ZSCAN18","ADAM5P","ATP5G2","C10orf26","C17orf93","C1orf114","CCDC36","DBC1","EMID2","G6PC","HIST1H4F","MARCH11","MOBKL1B","RICS","SFRS13A","WDR8","ZNF285A"
"ACOT11",0,0.61,0.486,0.52,0.389,0.717,0.119,0.471,0.554,0.45,0.553,0.44,0.588,0.486,0.572,0.159,0.48,0.332,0.739,0.603,0.413,0.456,0.545,0.751,0.504,0.701,0,0.549,0.37,0.556,0.749,0.582,0.553,0.573,0.578,0.651,0.368,0.477,0.342,0.431,0.395,0.552,0.407,0.545,0.428,0.536,0.513,0.339,0.438,0.555,0.197,0.473,0.321,0.567,0.673,0.721,0.411,0.627,0.345,0.359,0.543,0.518,0.508,0.416,0.562,0.569,0.159,0.572,0.572,0.572,0.572,0.377,0.507,0.547,0.727,0.297,0.696,0.486,0.508,0.754,0.754,0.614,0.37,0.572,0.526,0.28,0.401,0.572,0.526,0.518,0.425,0.614,0.518,0.492,0.522,0.572,0.503,0.558,0.689,0.63,0.691,0.319,0.43,0.534,0.429,0.33,0.392,0.572,0.363,0.477,0.573,0.54,0.619,0.602,0.486,0.627,0.783,0.42,0.326,0.626,0.445,0.881,0.881,0.881,0.402,0.881,0.881,0.881,0.881,0.292,0.407,0.881,0.66,0.881,0.881,0.881,0.572,0.275,0.589,0.425,0.572,0.526,0.35,0.533,0.572,0.563,0.685,0.495,0.489,0.586,0.572,0.586,0.678,0.632,0.347,0.438,0.514,0.603,0.694,0.694,0.694,0.694,0.694,0.675,0.482,0.332,0.76,0.407,0.518,0.518,0.143,0.542,0.464,0.666,0.278,0.435,0.546,0.613,0.658,0.402,0.353,0.48,0.705,0.486,0.502,0.352,0.401,0.363,0.469,0.543,0.532,0.664,0.79,0.564,0.39,0.724,0.572,0.736,0.582,0.576,0.689,0.379,0.398,0.398,0.398,0.529,0.62,0.572,0.592,0.48,0.3,0.557,0.753,0.39,0.379,0.515,0.485,0.603,0.745,0.43,0.429,0.582,0.487,0.508,0.573,0.573,0.594,0.442,0.658,0.377,0.634,0.401,0.508,0.296,0.435,0.488,0.332,0.51,0.48,0.48,0.48,0.48,0.521,0.48,0.48,0.48,0.48,0.48,0.502,0.48,0.48,0.48,0.48,0.572,0.48,0.66,0.627,0.573,0.48,0.538,0.482,0.397,0.534,0.613,0.477,0.604,0.16,0.476,0.426,0.58,0.48
"ADAMTS20",0.61,0,0.128,0.586,0.637,0.627,0.564,0.733,0.74,0.702,0.647,0.68,0.754,0.72,0.727,0.588,0.76,0.682,0.628,0.209,0.64,0.651,0.295,0.618,0.566,0.558,0.62,0.758,0.708,0.705,0.647,0.794,0.362,0.531,0.342,0.481,0.733,0.805,0.635,0.667,0.66,0.695,0,0.295,0.654,0.197,0.677,0.701,0.564,0.676,0.685,0.699,0.645,0.685,0.615,0.658,0.588,0.447,0.66,0.7,0.692,0.723,0.729,0.586,0.598,0.66,0.588,0.727,0.727,0.727,0.727,0.4,0.736,0.744,0.621,0.601,0.622,0.553,0.729,0.703,0.703,0.74,0.535,0.727,0.738,0.727,0.708,0.727,0.742,0.723,0.716,0.74,0.723,0.723,0.627,0.727,0.617,0.766,0.571,0.857,0.66,0.624,0.695,0.425,0.671,0.349,0.634,0.727,0.664,0.726,0.531,0.775,0.516,0.671,0.644,0.447,0.712,0.675,0.675,0.447,0.44,0.871,0.871,0.871,0.462,0.871,0.871,0.871,0.871,0.478,0,0.871,0.617,0.871,0.871,0.871,0.727,0.608,0.34,0.802,0.727,0.74,0.691,0.684,0.806,0.712,0.614,0.163,0.736,0.674,0.727,0.674,0.582,0.472,0.847,0.733,0.579,0.671,0.543,0.543,0.543,0.543,0.543,0.552,0.728,0.682,0.619,0,0.723,0.723,0.593,0.714,0.625,0.58,0.678,0.674,0.776,0.635,0.674,0.125,0.716,0.76,0.667,0.684,0.766,0.68,0.624,0.7,0.731,0.774,0.744,0.6,0.658,0.349,0.453,0.679,0.727,0.616,0.597,0.601,0.6,0.314,0.824,0.824,0.824,0.621,0.693,0.727,0.623,0.76,0.657,0.579,0.611,0.674,0.692,0.645,0.605,0.437,0.649,0.681,0.664,0.738,0.736,0.729,0.531,0.531,0.833,0.604,0.327,0.665,0.697,0.619,0.729,0.644,0.384,0.767,0.682,0.686,0.76,0.76,0.76,0.76,0.498,0.76,0.76,0.76,0.76,0.76,0.766,0.76,0.76,0.76,0.76,0.727,0.76,0.617,0.861,0.531,0.76,0.688,0.845,0.717,0.389,0.635,0.597,0.805,0.592,0.72,0.691,0.708,0.76
"ADAMTS5",0.486,0.128,0,0.553,0.549,0.616,0.549,0.546,0.611,0.564,0.591,0.653,0.614,0.623,0.643,0.531,0.503,0.598,0.636,0.219,0.555,0.611,0.299,0.644,0.381,0.51,0.573,0.604,0.574,0.593,0.65,0.663,0.392,0.457,0.212,0.442,0.582,0.649,0.504,0.566,0.574,0.644,0,0.299,0.608,0,0.479,0.569,0.545,0.616,0.505,0.564,0.582,0.534,0.59,0.648,0.46,0.405,0.618,0.54,0.643,0.602,0.59,0.551,0.581,0.488,0.531,0.643,0.643,0.643,0.643,0.38,0.577,0.596,0.624,0.495,0.601,0.578,0.59,0.693,0.693,0.66,0.474,0.643,0.596,0.517,0.568,0.643,0.589,0.602,0.59,0.66,0.602,0.575,0.512,0.643,0.601,0.618,0.578,0.766,0.587,0.557,0.657,0.403,0.506,0.312,0.544,0.643,0.503,0.504,0.457,0.612,0.433,0.606,0.612,0.405,0.712,0.562,0.486,0.463,0.449,0.853,0.853,0.853,0.453,0.853,0.853,0.853,0.853,0.444,0,0.853,0.533,0.853,0.853,0.853,0.643,0.382,0.389,0.632,0.643,0.585,0.561,0.634,0.686,0.652,0.549,0.186,0.64,0.588,0.643,0.588,0.575,0.419,0.633,0.562,0.548,0.535,0.543,0.543,0.543,0.543,0.543,0.565,0.561,0.598,0.65,0,0.602,0.602,0.473,0.652,0.554,0.502,0.557,0.586,0.623,0.521,0.564,0.184,0.541,0.503,0.627,0.605,0.61,0.566,0.582,0.535,0.603,0.585,0.588,0.577,0.68,0.328,0.427,0.642,0.643,0.628,0.602,0.533,0.589,0.307,0.418,0.418,0.418,0.49,0.609,0.643,0.493,0.503,0.548,0.424,0.644,0.55,0.536,0.579,0.577,0.398,0.658,0.58,0.584,0.644,0.573,0.59,0.457,0.457,0.463,0.506,0.343,0.493,0.594,0.522,0.59,0.534,0.204,0.615,0.598,0.624,0.503,0.503,0.503,0.503,0.434,0.503,0.503,0.503,0.503,0.503,0.61,0.503,0.503,0.503,0.503,0.643,0.503,0.533,0.751,0.457,0.503,0.64,0.501,0.55,0.185,0.521,0.463,0.686,0.535,0.559,0.567,0.655,0.503
"ADCY4",0.52,0.586,0.553,0,0.301,0.396,0.407,0.607,0.663,0.513,0.378,0.431,0.692,0.472,0.649,0,0.604,0.493,0.411,0.572,0.323,0.425,0.555,0.366,0.398,0.389,0.159,0.678,0.537,0.394,0.351,0.593,0.35,0,0.501,0.551,0.537,0.613,0.309,0.423,0.426,0.506,0.531,0.555,0.423,0.457,0.343,0.5,0.149,0.344,0.406,0.407,0.671,0.526,0.234,0.432,0.382,0.301,0.326,0.508,0.437,0.654,0.647,0.183,0.504,0.345,0,0.649,0.649,0.649,0.649,0.224,0.648,0.659,0.351,0.394,0.373,0.444,0.647,0.461,0.371,0.667,0.467,0.649,0.651,0.499,0.543,0.649,0.646,0.654,0.539,0.667,0.654,0.617,0.569,0.649,0.15,0.678,0.222,0.704,0.445,0.36,0.511,0.575,0.333,0.445,0.331,0.649,0.33,0.483,0,0.693,0.321,0.395,0.466,0.301,0.36,0.468,0.643,0.654,0.666,0.853,0.853,0.853,0.674,0.853,0.853,0.853,0.853,0.534,0.531,0.853,0.533,0.853,0.853,0.853,0.649,0.544,0.364,0.624,0.649,0.66,0.517,0.445,0.692,0.458,0.59,0.456,0.477,0.602,0.649,0.602,0.215,0.574,0.726,0.582,0.135,0.306,0,0,0,0,0,0.21,0.649,0.493,0.414,0.531,0.654,0.654,0.41,0.458,0.273,0.337,0.498,0.448,0.696,0.365,0.436,0.435,0.555,0.604,0.405,0.485,0.696,0.442,0.245,0.488,0.524,0.608,0.672,0.267,0.408,0.552,0.27,0.44,0.649,0.428,0.429,0.286,0.242,0.58,0.706,0.706,0.706,0.317,0.623,0.649,0.572,0.604,0.389,0.551,0.267,0.457,0.71,0.366,0.406,0.52,0.342,0.458,0.444,0.653,0.541,0.647,0,0,0.619,0.288,0.499,0.488,0.452,0.527,0.647,0.533,0.491,0.609,0.493,0.483,0.604,0.604,0.604,0.604,0.636,0.604,0.604,0.604,0.604,0.604,0.696,0.604,0.604,0.604,0.604,0.649,0.604,0.533,0.701,0,0.604,0.491,0.747,0.523,0.433,0.365,0.515,0.527,0.431,0.477,0.374,0.527,0.604
"AIP",0.389,0.637,0.549,0.301,0,0.467,0.361,0.395,0.444,0.288,0.387,0.382,0.459,0.452,0.562,0,0.303,0.333,0.522,0.633,0.168,0.417,0.63,0.501,0.405,0.369,0,0.451,0.296,0.374,0.517,0.586,0.554,0.313,0.492,0.56,0.358,0.583,0.114,0.373,0.328,0.494,0.588,0.63,0.463,0.531,0.428,0.313,0.249,0.345,0.286,0.358,0.64,0.492,0.508,0.538,0.347,0.455,0.288,0.301,0.488,0.476,0.454,0.244,0.519,0.477,0,0.562,0.562,0.562,0.562,0.357,0.415,0.405,0.368,0.501,0.523,0.532,0.454,0.579,0.579,0.537,0.422,0.562,0.451,0.339,0.325,0.562,0.464,0.476,0.322,0.537,0.476,0.408,0.457,0.562,0.343,0.503,0.409,0.692,0.523,0.351,0.445,0.628,0.294,0.428,0.182,0.562,0.308,0.467,0.313,0.457,0.464,0.441,0.512,0.455,0.36,0.316,0.612,0.676,0.678,0.764,0.764,0.764,0.676,0.764,0.764,0.764,0.764,0.498,0.588,0.764,0.617,0.764,0.764,0.764,0.562,0.354,0.486,0.568,0.562,0.415,0.286,0.479,0.598,0.501,0.647,0.525,0.477,0.535,0.562,0.535,0.477,0.645,0.595,0.34,0.295,0.505,0,0,0,0,0,0.426,0.409,0.333,0.539,0.588,0.476,0.476,0.353,0.447,0.296,0.549,0.247,0.359,0.468,0.548,0.513,0.434,0.244,0.303,0.57,0.359,0.466,0.299,0.246,0.268,0.437,0.58,0.413,0.449,0.508,0.608,0.303,0.541,0.562,0.457,0.44,0.364,0.456,0.641,0.238,0.238,0.238,0.478,0.539,0.562,0.558,0.303,0.362,0.575,0.533,0.288,0.456,0.347,0.474,0.644,0.512,0.348,0.356,0.546,0.3,0.454,0.313,0.313,0.619,0.303,0.663,0.316,0.51,0.465,0.454,0.309,0.459,0.423,0.333,0.384,0.303,0.303,0.303,0.303,0.578,0.303,0.303,0.303,0.303,0.303,0.466,0.303,0.303,0.303,0.303,0.562,0.303,0.617,0.693,0.313,0.303,0.485,0.348,0.299,0.409,0.548,0.446,0.527,0.317,0.406,0.323,0.486,0.303
"AJAP1",0.717,0.627,0.616,0.396,0.467,0,0.675,0.743,0.75,0.701,0.395,0.592,0.739,0.681,0.75,0.531,0.732,0.708,0.398,0.603,0.478,0.681,0.625,0.395,0.494,0.393,0.573,0.761,0.716,0.499,0.411,0.791,0.501,0.313,0.398,0.541,0.727,0.784,0.476,0.575,0.686,0.695,0.531,0.625,0.61,0.457,0.491,0.71,0.367,0.507,0.689,0.572,0.808,0.633,0.429,0.433,0.542,0.364,0.665,0.707,0.699,0.749,0.747,0.427,0.331,0.538,0.531,0.75,0.75,0.75,0.75,0.504,0.745,0.744,0.399,0.565,0.374,0.435,0.747,0.519,0.519,0.753,0.668,0.75,0.749,0.723,0.71,0.75,0.747,0.749,0.716,0.753,0.749,0.734,0.591,0.75,0.415,0.77,0.34,0.832,0.363,0.583,0.716,0.687,0.566,0.62,0.459,0.75,0.57,0.721,0.313,0.783,0.412,0.467,0.513,0.364,0,0.686,0.79,0.699,0.703,0.853,0.853,0.853,0.705,0.853,0.853,0.853,0.853,0.691,0.531,0.853,0.533,0.853,0.853,0.853,0.75,0.687,0.385,0.804,0.75,0.747,0.703,0.692,0.809,0.704,0.641,0.445,0.568,0.686,0.75,0.686,0.373,0.636,0.866,0.729,0.392,0.509,0,0,0,0,0,0.345,0.743,0.708,0.289,0.531,0.749,0.749,0.681,0.654,0.451,0.486,0.706,0.689,0.786,0.527,0.56,0.65,0.719,0.732,0.538,0.691,0.787,0.685,0.457,0.694,0.724,0.782,0.751,0.388,0.424,0.616,0.481,0.479,0.75,0.396,0.365,0.407,0.316,0.636,0.811,0.811,0.811,0.525,0.694,0.75,0.679,0.732,0.684,0.673,0.425,0.689,0.784,0.48,0.492,0.609,0.431,0.693,0.682,0.752,0.616,0.747,0.313,0.313,0.763,0.351,0.586,0.62,0.533,0.696,0.747,0.708,0.515,0.78,0.708,0.696,0.732,0.732,0.732,0.732,0.708,0.732,0.732,0.732,0.732,0.732,0.787,0.732,0.732,0.732,0.732,0.75,0.732,0.533,0.83,0.313,0.732,0.694,0.833,0.709,0.476,0.527,0.598,0.74,0.68,0.698,0.686,0.702,0.732
"AKR7L",0.119,0.564,0.549,0.407,0.361,0.675,0,0.561,0.634,0.444,0.516,0.344,0.683,0.426,0.599,0,0.604,0.292,0.695,0.558,0.38,0.302,0.49,0.709,0.511,0.661,0,0.653,0.4,0.497,0.708,0.53,0.49,0.531,0.613,0.612,0.42,0.549,0.359,0.412,0.292,0.446,0.407,0.49,0.358,0.531,0.542,0.351,0.349,0.505,0.279,0.445,0.291,0.612,0.633,0.696,0.388,0.572,0.212,0.384,0.433,0.609,0.605,0.311,0.524,0.563,0,0.599,0.599,0.599,0.599,0.251,0.617,0.639,0.681,0.341,0.652,0.463,0.605,0.718,0.718,0.634,0.272,0.599,0.616,0.393,0.437,0.599,0.622,0.609,0.435,0.634,0.609,0.577,0.589,0.599,0.426,0.655,0.63,0.669,0.674,0.255,0.328,0.472,0.394,0.251,0.398,0.599,0.375,0.415,0.531,0.658,0.569,0.547,0.411,0.572,0.769,0.378,0.333,0.579,0.414,0.871,0.871,0.871,0.38,0.871,0.871,0.871,0.871,0.201,0.407,0.871,0.617,0.871,0.871,0.871,0.599,0.355,0.538,0.54,0.599,0.634,0.378,0.414,0.637,0.46,0.64,0.462,0.541,0.602,0.599,0.602,0.622,0.572,0.638,0.492,0.4,0.586,0.67,0.67,0.67,0.67,0.67,0.608,0.616,0.292,0.713,0.407,0.609,0.609,0.0620000000000001,0.495,0.401,0.624,0.302,0.34,0.656,0.597,0.643,0.28,0.438,0.604,0.647,0.402,0.64,0.32,0.289,0.399,0.43,0.529,0.649,0.609,0.752,0.511,0.265,0.68,0.599,0.686,0.561,0.573,0.641,0.34,0.706,0.706,0.706,0.525,0.631,0.599,0.576,0.604,0.247,0.53,0.706,0.35,0.502,0.456,0.428,0.559,0.719,0.352,0.335,0.613,0.581,0.605,0.531,0.531,0.619,0.399,0.619,0.412,0.588,0.332,0.605,0.286,0.496,0.535,0.292,0.395,0.604,0.604,0.604,0.604,0.57,0.604,0.604,0.604,0.604,0.604,0.64,0.604,0.604,0.604,0.604,0.599,0.604,0.617,0.674,0.531,0.604,0.42,0.747,0.468,0.579,0.597,0.512,0.527,0.086,0.485,0.435,0.483,0.604
"ALX1",0.471,0.733,0.546,0.607,0.395,0.743,0.561,0,0.144,0.255,0.575,0.638,0.325,0.519,0.141,0.431,0,0.295,0.766,0.713,0.393,0.525,0.697,0.777,0.366,0.748,0.518,0.167,0.216,0.516,0.774,0.464,0.697,0.652,0.62,0.745,0.397,0.438,0.236,0.437,0.281,0.495,0.684,0.697,0.539,0.652,0.441,0.27,0.629,0.536,0.296,0.42,0.537,0.414,0.661,0.711,0.464,0.703,0.56,0.0600000000000001,0.525,0.126,0.055,0.588,0.73,0.434,0.431,0.141,0.141,0.141,0.141,0.576,0.069,0.172,0.749,0.464,0.731,0.729,0.055,0.779,0.778,0.231,0.617,0.141,0.086,0.409,0.185,0.141,0.092,0.126,0.208,0.231,0.126,0.101,0.192,0.141,0.656,0.272,0.716,0.604,0.672,0.414,0.594,0.644,0.419,0.622,0.327,0.141,0.345,0.399,0.652,0.196,0.66,0.545,0.673,0.703,0.812,0.125,0.426,0.751,0.727,0.902,0.902,0.902,0.705,0.902,0.902,0.902,0.902,0.621,0.684,0.902,0.736,0.902,0.902,0.902,0.141,0.33,0.728,0.425,0.141,0.146,0.107,0.534,0.296,0.551,0.732,0.711,0.446,0.216,0.141,0.216,0.713,0.708,0.454,0.261,0.598,0.506,0.743,0.743,0.743,0.743,0.743,0.706,0.119,0.295,0.782,0.684,0.126,0.126,0.434,0.484,0.467,0.699,0.286,0.255,0.194,0.569,0.611,0.591,0.195,0,0.697,0.253,0.143,0.297,0.506,0.155,0.323,0.357,0.218,0.689,0.8,0.702,0.585,0.71,0.141,0.765,0.751,0.399,0.723,0.689,0.238,0.238,0.238,0.372,0.287,0.141,0.391,0,0.389,0.49,0.778,0.209,0.272,0.457,0.67,0.713,0.747,0.275,0.177,0.165,0.329,0.055,0.652,0.652,0.413,0.463,0.74,0.115,0.583,0.384,0.055,0.303,0.553,0.203,0.295,0.479,0,0,0,0,0.322,0,0,0,0,0,0.143,0,0,0,0,0.141,0,0.736,0.605,0.652,0,0.541,0.348,0.207,0.462,0.569,0.322,0.594,0.354,0.334,0.338,0.521,0
"ALX4",0.554,0.74,0.611,0.663,0.444,0.75,0.634,0.144,0,0.253,0.619,0.698,0.193,0.584,0.193,0.546,0,0.381,0.76,0.718,0.406,0.591,0.702,0.782,0.499,0.675,0.6,0.086,0.29,0.56,0.774,0.638,0.702,0.652,0.614,0.652,0.407,0.536,0.333,0.443,0.367,0.531,0.684,0.702,0.567,0.652,0.547,0.395,0.672,0.528,0.383,0.499,0.617,0.487,0.671,0.725,0.503,0.708,0.617,0.198,0.575,0.193,0.122,0.64,0.641,0.571,0.546,0.193,0.193,0.193,0.193,0.635,0.099,0.125,0.664,0.542,0.736,0.748,0.122,0.788,0.788,0.043,0.671,0.193,0.101,0.377,0.25,0.193,0.156,0.193,0.147,0.043,0.193,0.176,0.247,0.193,0.703,0.335,0.723,0.659,0.712,0.478,0.646,0.716,0.429,0.664,0.409,0.193,0.411,0.545,0.652,0.259,0.709,0.543,0.722,0.708,0.812,0.207,0.563,0.692,0.681,0.643,0.643,0.643,0.67,0.643,0.643,0.643,0.643,0.629,0.684,0.643,0.533,0.643,0.643,0.643,0.193,0.405,0.736,0.517,0.193,0.018,0.178,0.585,0.388,0.589,0.742,0.719,0.555,0.196,0.193,0.196,0.719,0.715,0.536,0.326,0.652,0.628,0.743,0.743,0.743,0.743,0.743,0.712,0.189,0.381,0.788,0.684,0.193,0.193,0.551,0.534,0.534,0.739,0.388,0.325,0.249,0.638,0.624,0.656,0.275,0,0.734,0.106,0.241,0.366,0.569,0.199,0.455,0.551,0.082,0.716,0.787,0.643,0.653,0.778,0.193,0.609,0.653,0.461,0.728,0.697,0.238,0.238,0.238,0.538,0.105,0.193,0.453,0,0.496,0.598,0.784,0.315,0.158,0.503,0.735,0.718,0.762,0.348,0.237,0.159,0.35,0.122,0.652,0.652,0.556,0.592,0.737,0.229,0.663,0.441,0.122,0.353,0.57,0.284,0.381,0.304,0,0,0,0,0.399,0,0,0,0,0,0.241,0,0,0,0,0.193,0,0.533,0.663,0.652,0,0.592,0.348,0.22,0.51,0.638,0.29,0.69,0.438,0.479,0.418,0.489,0
"APOBEC1",0.45,0.702,0.564,0.513,0.288,0.701,0.444,0.255,0.253,0,0.512,0.567,0.28,0.478,0.36,0,0,0.245,0.729,0.664,0.285,0.47,0.66,0.754,0.453,0.639,0.159,0.286,0.223,0.415,0.741,0.556,0.66,0.531,0.567,0.617,0.336,0.509,0.181,0.356,0.197,0.525,0.588,0.66,0.528,0.531,0.498,0.274,0.541,0.391,0.218,0.371,0.589,0.456,0.655,0.712,0.405,0.661,0.341,0.232,0.521,0.393,0.277,0.429,0.594,0.525,0,0.36,0.36,0.36,0.36,0.473,0.246,0.252,0.632,0.5,0.68,0.723,0.277,0.738,0.738,0.323,0.535,0.36,0.264,0.309,0.267,0.36,0.29,0.393,0.246,0.323,0.393,0.271,0.398,0.36,0.581,0.423,0.68,0.648,0.667,0.346,0.555,0.651,0.295,0.531,0.358,0.36,0.301,0.431,0.531,0.265,0.638,0.441,0.614,0.661,0.769,0.214,0.536,0.676,0.666,0.643,0.643,0.643,0.654,0.643,0.643,0.643,0.643,0.512,0.588,0.643,0.533,0.643,0.643,0.643,0.36,0.33,0.703,0.489,0.36,0.244,0.218,0.52,0.377,0.532,0.687,0.673,0.511,0.342,0.36,0.342,0.669,0.674,0.533,0.294,0.508,0.563,0.67,0.67,0.67,0.67,0.67,0.672,0.345,0.245,0.764,0.588,0.393,0.393,0.375,0.437,0.364,0.674,0.277,0.242,0.247,0.609,0.6,0.499,0.19,0,0.692,0.226,0.251,0.239,0.442,0.188,0.384,0.51,0.315,0.665,0.774,0.614,0.463,0.732,0.36,0.574,0.62,0.389,0.676,0.661,0.238,0.238,0.238,0.493,0.346,0.36,0.45,0,0.336,0.547,0.759,0.173,0.273,0.413,0.656,0.664,0.743,0.202,0.241,0.334,0.322,0.277,0.531,0.531,0.556,0.47,0.691,0.244,0.588,0.387,0.277,0.236,0.53,0.272,0.245,0.268,0,0,0,0,0.375,0,0,0,0,0,0.251,0,0,0,0,0.36,0,0.533,0.656,0.531,0,0.524,0.348,0.243,0.472,0.609,0.362,0.527,0.249,0.417,0.276,0.49,0
"AQP1",0.553,0.647,0.591,0.378,0.387,0.395,0.516,0.575,0.619,0.512,0,0.559,0.631,0.558,0.629,0,0,0.556,0.515,0.637,0.394,0.623,0.643,0.512,0.383,0.459,0.159,0.613,0.55,0.387,0.461,0.68,0.535,0.313,0.482,0.574,0.587,0.645,0.318,0.355,0.523,0.622,0.407,0.643,0.435,0.457,0.406,0.552,0.411,0.346,0.49,0.414,0.65,0.54,0.459,0.425,0.334,0.454,0.534,0.531,0.587,0.677,0.61,0.376,0.454,0.5,0,0.629,0.629,0.629,0.629,0.465,0.58,0.6,0.489,0.429,0.453,0.437,0.61,0.527,0.467,0.637,0.635,0.629,0.594,0.587,0.539,0.629,0.554,0.677,0.549,0.637,0.677,0.584,0.608,0.629,0.432,0.626,0.445,0.747,0.417,0.372,0.669,0.653,0.411,0.585,0.41,0.629,0.43,0.581,0.313,0.602,0.457,0.415,0.435,0.454,0,0.516,0.605,0.695,0.623,0.853,0.853,0.853,0.595,0.853,0.853,0.853,0.853,0.529,0.407,0.853,0.533,0.853,0.853,0.853,0.629,0.471,0.462,0.678,0.629,0.602,0.541,0.575,0.656,0.548,0.623,0.422,0.539,0.593,0.629,0.593,0.417,0.666,0.776,0.529,0.383,0.379,0,0,0,0,0,0.455,0.641,0.556,0.53,0.407,0.677,0.677,0.479,0.518,0.338,0.46,0.604,0.525,0.609,0.536,0.555,0.586,0.531,0,0.574,0.539,0.639,0.501,0.395,0.464,0.548,0.676,0.652,0.464,0.52,0.636,0.43,0.521,0.629,0.52,0.364,0.371,0.411,0.576,0.384,0.384,0.384,0.51,0.603,0.629,0.556,0,0.57,0.578,0.458,0.514,0.562,0.366,0.407,0.564,0.5,0.506,0.525,0.611,0.412,0.61,0.313,0.313,0.456,0.397,0.622,0.48,0.468,0.485,0.61,0.466,0.423,0.606,0.556,0.584,0,0,0,0,0.592,0,0,0,0,0,0.639,0,0,0,0,0.629,0,0.533,0.726,0.313,0,0.625,0.469,0.531,0.441,0.536,0.444,0.527,0.435,0.534,0.469,0.624,0
"ARHGEF4",0.44,0.68,0.653,0.431,0.382,0.592,0.344,0.638,0.698,0.567,0.559,0,0.736,0.503,0.671,0.159,0.66,0.366,0.617,0.663,0.409,0.44,0.636,0.595,0.558,0.605,0,0.714,0.48,0.543,0.618,0.632,0.599,0.573,0.65,0.676,0.504,0.647,0.391,0.537,0.443,0.557,0.62,0.636,0.549,0.573,0.562,0.444,0.308,0.521,0.388,0.389,0.686,0.65,0.606,0.554,0.451,0.547,0.323,0.465,0.532,0.675,0.672,0.349,0.656,0.582,0.159,0.671,0.671,0.671,0.671,0.428,0.679,0.697,0.608,0.602,0.611,0.638,0.672,0.677,0.67,0.702,0.354,0.671,0.681,0.482,0.516,0.671,0.687,0.675,0.514,0.702,0.675,0.648,0.64,0.671,0.392,0.713,0.546,0.731,0.627,0.477,0.389,0.643,0.332,0.394,0.385,0.671,0.435,0.532,0.573,0.719,0.575,0.592,0.591,0.547,0.564,0.51,0.667,0.729,0.737,0.881,0.881,0.881,0.743,0.881,0.881,0.881,0.881,0.594,0.62,0.881,0.66,0.881,0.881,0.881,0.671,0.558,0.552,0.647,0.671,0.694,0.457,0.52,0.716,0.553,0.684,0.623,0.52,0.669,0.671,0.669,0.569,0.659,0.723,0.564,0.429,0.587,0.484,0.484,0.484,0.484,0.484,0.528,0.675,0.366,0.602,0.62,0.675,0.675,0.373,0.552,0.448,0.627,0.37,0.481,0.72,0.614,0.668,0.491,0.517,0.66,0.646,0.533,0.71,0.423,0.324,0.498,0.521,0.623,0.707,0.559,0.629,0.641,0.402,0.619,0.671,0.61,0.614,0.551,0.578,0.663,0.74,0.74,0.74,0.56,0.695,0.671,0.649,0.66,0.397,0.634,0.577,0.492,0.739,0.485,0.537,0.647,0.551,0.495,0.474,0.682,0.611,0.672,0.573,0.573,0.681,0.396,0.701,0.492,0.612,0.586,0.672,0.587,0.635,0.625,0.366,0.527,0.66,0.66,0.66,0.66,0.69,0.66,0.66,0.66,0.66,0.66,0.71,0.66,0.66,0.66,0.66,0.671,0.66,0.66,0.733,0.573,0.66,0.538,0.78,0.58,0.597,0.614,0.667,0.604,0.397,0.555,0.509,0.582,0.66
"ASCC1",0.588,0.754,0.614,0.692,0.459,0.739,0.683,0.325,0.193,0.28,0.631,0.736,0,0.633,0.463,0.604,0,0.461,0.664,0.599,0.432,0.678,0.712,0.801,0.53,0.665,0.66,0.256,0.372,0.549,0.667,0.677,0.712,0.643,0.578,0.641,0.433,0.591,0.376,0.44,0.446,0.666,0.687,0.712,0.661,0.643,0.569,0.411,0.698,0.423,0.443,0.537,0.678,0.376,0.623,0.66,0.548,0.717,0.644,0.372,0.678,0.436,0.354,0.668,0.546,0.569,0.604,0.463,0.463,0.463,0.463,0.668,0.275,0.24,0.657,0.569,0.615,0.765,0.354,0.679,0.719,0.272,0.709,0.463,0.3,0.388,0.395,0.463,0.358,0.436,0.309,0.272,0.436,0.357,0.362,0.463,0.63,0.456,0.732,0.709,0.708,0.533,0.721,0.732,0.433,0.69,0.486,0.463,0.452,0.587,0.643,0.29,0.719,0.489,0.658,0.717,0.839,0.362,0.624,0.693,0.684,0.643,0.643,0.643,0.672,0.643,0.643,0.643,0.643,0.649,0.687,0.643,0.533,0.643,0.643,0.643,0.463,0.428,0.749,0.58,0.463,0.19,0.373,0.687,0.483,0.692,0.615,0.729,0.552,0.389,0.463,0.389,0.629,0.636,0.587,0.378,0.683,0.582,0.764,0.764,0.764,0.764,0.764,0.721,0.379,0.461,0.778,0.687,0.436,0.436,0.601,0.512,0.537,0.692,0.434,0.459,0.307,0.66,0.634,0.697,0.305,0,0.719,0.297,0.34,0.463,0.667,0.332,0.514,0.607,0.243,0.724,0.794,0.638,0.697,0.792,0.463,0.474,0.638,0.499,0.713,0.706,0.238,0.238,0.238,0.574,0.289,0.463,0.534,0,0.561,0.54,0.802,0.34,0.214,0.568,0.755,0.638,0.785,0.423,0.459,0.391,0.383,0.354,0.643,0.643,0.556,0.618,0.729,0.315,0.671,0.535,0.354,0.384,0.555,0.402,0.461,0.374,0,0,0,0,0.467,0,0,0,0,0,0.34,0,0,0,0,0.463,0,0.533,0.704,0.643,0,0.688,0.348,0.359,0.508,0.66,0.375,0.69,0.493,0.496,0.408,0.593,0
"ATG16L1",0.486,0.72,0.623,0.472,0.452,0.681,0.426,0.519,0.584,0.478,0.558,0.503,0.633,0,0.576,0.159,0.384,0.446,0.716,0.689,0.447,0.457,0.686,0.725,0.472,0.68,0,0.594,0.468,0.437,0.687,0.555,0.623,0.405,0.637,0.694,0.455,0.542,0.426,0.463,0.445,0.462,0.62,0.686,0.469,0.573,0.488,0.427,0.468,0.497,0.372,0.434,0.576,0.558,0.603,0.58,0.453,0.641,0.402,0.42,0.445,0.616,0.572,0.422,0.675,0.511,0.159,0.576,0.576,0.576,0.576,0.459,0.571,0.582,0.67,0.508,0.652,0.704,0.572,0.713,0.697,0.588,0.489,0.576,0.573,0.432,0.46,0.576,0.565,0.616,0.47,0.588,0.616,0.563,0.603,0.576,0.514,0.624,0.624,0.678,0.631,0.432,0.482,0.662,0.398,0.489,0.472,0.576,0.43,0.479,0.405,0.62,0.616,0.505,0.588,0.641,0.706,0.456,0.561,0.732,0.719,0.827,0.827,0.827,0.709,0.827,0.827,0.827,0.827,0.528,0.62,0.827,0.66,0.827,0.827,0.827,0.576,0.466,0.689,0.542,0.576,0.58,0.445,0.463,0.615,0.475,0.686,0.674,0.544,0.583,0.576,0.583,0.602,0.695,0.648,0.504,0.46,0.537,0.58,0.58,0.58,0.58,0.58,0.619,0.608,0.446,0.734,0.62,0.616,0.616,0.395,0.512,0.427,0.66,0.485,0.416,0.599,0.569,0.552,0.493,0.478,0.384,0.632,0.466,0.615,0.4,0.394,0.403,0.437,0.541,0.617,0.587,0.742,0.684,0.472,0.671,0.576,0.692,0.694,0.545,0.611,0.681,0.584,0.584,0.584,0.499,0.594,0.576,0.443,0.384,0.41,0.558,0.685,0.457,0.62,0.446,0.648,0.677,0.594,0.453,0.445,0.576,0.52,0.572,0.405,0.405,0.53,0.445,0.703,0.406,0.505,0.472,0.572,0.48,0.6,0.555,0.446,0.486,0.384,0.384,0.384,0.384,0.62,0.384,0.384,0.384,0.384,0.384,0.615,0.384,0.384,0.384,0.384,0.576,0.384,0.66,0.666,0.405,0.384,0.388,0.664,0.467,0.557,0.569,0.563,0.54,0.418,0.437,0.467,0.452,0.384
"BHLHE23",0.572,0.727,0.643,0.649,0.562,0.75,0.599,0.141,0.193,0.36,0.629,0.671,0.463,0.576,0,0.546,0,0.29,0.762,0.71,0.538,0.526,0.68,0.768,0.483,0.758,0.6,0.237,0.314,0.619,0.773,0.609,0.68,0.652,0.701,0.755,0.502,0.494,0.383,0.521,0.273,0.484,0.684,0.68,0.553,0.652,0.53,0.398,0.651,0.609,0.354,0.49,0.557,0.552,0.657,0.717,0.534,0.693,0.621,0.18,0.53,0.151,0.0610000000000001,0.634,0.737,0.553,0.546,0,0,0,0,0.606,0.137,0.259,0.753,0.516,0.734,0.737,0.0610000000000001,0.788,0.787,0.171,0.636,0,0.105,0.499,0.255,0,0.115,0.151,0.279,0.171,0.151,0.183,0.252,0,0.687,0.365,0.713,0.621,0.716,0.464,0.595,0.691,0.51,0.639,0.458,0,0.391,0.512,0.652,0.298,0.698,0.604,0.716,0.693,0.812,0.151,0.512,0.757,0.734,0.902,0.902,0.902,0.714,0.902,0.902,0.902,0.902,0.663,0.684,0.902,0.736,0.902,0.902,0.902,0,0.478,0.718,0.48,0,0.209,0.151,0.539,0.283,0.56,0.742,0.712,0.496,0.147,0,0.147,0.71,0.699,0.567,0.37,0.635,0.622,0.743,0.743,0.743,0.743,0.743,0.695,0.218,0.29,0.775,0.684,0.151,0.151,0.518,0.545,0.533,0.737,0.452,0.233,0.268,0.604,0.663,0.63,0.337,0,0.729,0.234,0.216,0.331,0.529,0.233,0.433,0.501,0.319,0.704,0.806,0.691,0.631,0.764,0,0.759,0.764,0.434,0.724,0.677,0.384,0.384,0.384,0.489,0.265,0,0.434,0,0.426,0.599,0.768,0.291,0.39,0.498,0.722,0.71,0.753,0.265,0.109,0.0659999999999999,0.434,0.0610000000000001,0.652,0.652,0.556,0.58,0.746,0.227,0.66,0.415,0.0610000000000001,0.429,0.661,0.282,0.29,0.498,0,0,0,0,0.316,0,0,0,0,0,0.216,0,0,0,0,0,0,0.736,0.635,0.652,0,0.549,0.469,0.289,0.604,0.604,0.397,0.69,0.398,0.521,0.472,0.52,0
"BOLL",0.159,0.588,0.531,0,0,0.531,0,0.431,0.546,0,0,0.159,0.604,0.159,0.546,0,0.604,0.159,0.627,0.531,0,0,0.531,0.67,0.431,0.531,0.159,0.546,0.159,0,0.627,0.441,0.531,0.531,0.531,0.531,0.159,0.381,0,0,0,0,0.588,0.531,0,0.531,0.381,0.159,0.159,0,0,0,0.45,0.45,0.531,0.627,0,0.531,0,0.159,0,0.546,0.546,0,0.531,0.431,0,0.546,0.546,0.546,0.546,0,0.546,0.546,0.588,0.381,0.531,0.67,0.546,0.581,0.581,0.546,0.159,0.546,0.546,0.159,0.159,0.546,0.546,0.546,0.159,0.546,0.546,0.477,0.531,0.546,0.159,0.585,0.531,0.616,0.531,0,0.159,0.483,0,0.159,0.159,0.546,0.159,0.159,0.531,0.604,0.483,0,0.159,0.531,0.769,0,0.431,0.588,0.588,0.871,0.871,0.871,0.588,0.871,0.871,0.871,0.871,0,0.588,0.871,0.617,0.871,0.871,0.871,0.546,0.159,0.588,0.381,0.546,0.546,0.159,0,0.604,0,0.531,0.531,0.381,0.546,0.546,0.546,0.531,0.531,0.556,0.159,0,0.431,0.67,0.67,0.67,0.67,0.67,0.531,0.546,0.159,0.67,0.588,0.546,0.546,0,0.159,0,0.497,0.159,0,0.604,0.531,0.531,0,0.159,0.604,0.531,0,0.604,0,0,0,0.159,0.423,0.546,0.531,0.67,0.531,0,0.644,0.546,0.627,0.67,0.477,0.531,0.531,0.706,0.706,0.706,0.431,0.546,0.546,0.483,0.604,0,0.431,0.67,0,0.604,0,0.441,0.531,0.67,0,0,0.546,0.159,0.546,0.531,0.531,0.619,0.159,0.531,0.159,0.45,0,0.546,0,0.531,0.423,0.159,0,0.604,0.604,0.604,0.604,0.604,0.604,0.604,0.604,0.604,0.604,0.604,0.604,0.604,0.604,0.604,0.546,0.604,0.617,0.616,0.531,0.604,0,0.747,0,0.431,0.531,0.531,0.527,0,0.159,0,0,0.604
"C16orf78",0.48,0.76,0.503,0.604,0.303,0.732,0.604,0,0,0,0,0.66,0,0.384,0,0.604,0,0,0.803,0.732,0.303,0.604,0.732,0.823,0.129,0.732,0.66,0,0,0,0.803,0.473,0.732,0.732,0.503,0.732,0.306,0.306,0,0,0,0.6,0.76,0.732,0.54,0.732,0.306,0.129,0.66,0,0,0,0.445,0.303,0.641,0.695,0,0.732,0.604,0,0.557,0.303,0,0.604,0.699,0.357,0.604,0,0,0,0,0.604,0,0,0.76,0.306,0.732,0.699,0,0.791,0.791,0,0.66,0,0,0.306,0,0,0,0.303,0,0,0.303,0,0.303,0,0.66,0.303,0.732,0.572,0.556,0,0.66,0.698,0.129,0.66,0.303,0,0,0.357,0.732,0,0.698,0,0.66,0.732,0.884,0,0.357,0.76,0.699,0.938,0.938,0.938,0.659,0.938,0.938,0.938,0.938,0.604,0.76,0.938,0.755,0.938,0.938,0.938,0,0.129,0.76,0.306,0,0,0,0.604,0,0.604,0.732,0.699,0.306,0,0,0,0.732,0.732,0.48,0.279,0.604,0.357,0.823,0.823,0.823,0.823,0.823,0.732,0.303,0,0.823,0.76,0.303,0.303,0.357,0,0,0.719,0.303,0,0,0.556,0.556,0.604,0,0,0.732,0,0,0,0.557,0,0,0.357,0.303,0.732,0.823,0.732,0.604,0.773,0,0.803,0.699,0,0.732,0.699,0.384,0.384,0.384,0.357,0,0,0,0,0.306,0.357,0.823,0,0,0,0.678,0.732,0.742,0,0,0,0,0,0.732,0.732,0.556,0.357,0.732,0,0.445,0,0,0,0.503,0,0,0.271,0,0,0,0,0,0,0,0,0,0,0,0,0,0,0,0,0,0.755,0.572,0.732,0,0.592,0.469,0,0.357,0.556,0,0.69,0,0.303,0,0.592,0
"CABLES1",0.332,0.682,0.598,0.493,0.333,0.708,0.292,0.295,0.381,0.245,0.556,0.366,0.461,0.446,0.29,0.159,0,0,0.723,0.656,0.365,0.391,0.624,0.732,0.465,0.717,0,0.399,0.171,0.497,0.736,0.546,0.624,0.573,0.657,0.712,0.342,0.481,0.186,0.449,0.08,0.516,0.62,0.624,0.514,0.573,0.5,0.195,0.385,0.471,0.135,0.361,0.536,0.535,0.656,0.714,0.44,0.638,0.299,0.174,0.497,0.442,0.293,0.386,0.695,0.521,0.159,0.29,0.29,0.29,0.29,0.423,0.303,0.423,0.712,0.489,0.685,0.711,0.293,0.749,0.749,0.397,0.32,0.29,0.299,0.348,0.242,0.29,0.309,0.442,0.279,0.397,0.442,0.328,0.463,0.29,0.463,0.482,0.666,0.614,0.679,0.322,0.347,0.619,0.347,0.371,0.32,0.29,0.214,0.409,0.573,0.312,0.636,0.54,0.621,0.638,0.783,0.207,0.497,0.72,0.704,0.881,0.881,0.881,0.69,0.881,0.881,0.881,0.881,0.54,0.62,0.881,0.66,0.881,0.881,0.881,0.29,0.356,0.674,0.464,0.29,0.37,0.144,0.492,0.308,0.536,0.699,0.668,0.468,0.364,0.29,0.364,0.657,0.647,0.562,0.297,0.485,0.58,0.694,0.694,0.694,0.694,0.694,0.643,0.411,0,0.74,0.62,0.442,0.442,0.262,0.455,0.363,0.684,0.151,0.175,0.284,0.564,0.628,0.454,0.171,0,0.691,0.284,0.241,0.164,0.354,0.19,0.351,0.471,0.48,0.651,0.779,0.632,0.431,0.719,0.29,0.716,0.734,0.395,0.675,0.633,0.384,0.384,0.384,0.451,0.441,0.29,0.488,0,0.233,0.571,0.731,0.136,0.41,0.425,0.654,0.657,0.738,0.11,0.176,0.298,0.395,0.293,0.573,0.573,0.556,0.385,0.702,0.214,0.611,0.404,0.293,0.316,0.623,0.311,0,0.337,0,0,0,0,0.324,0,0,0,0,0,0.241,0,0,0,0,0.29,0,0.66,0.631,0.573,0,0.502,0.469,0.348,0.569,0.564,0.505,0.604,0.143,0.436,0.308,0.545,0
"CACNA1B",0.739,0.628,0.636,0.411,0.522,0.398,0.695,0.766,0.76,0.729,0.515,0.617,0.664,0.716,0.762,0.627,0.803,0.723,0,0.45,0.539,0.695,0.639,0.214,0.555,0.414,0.658,0.784,0.742,0.596,0.292,0.802,0.517,0.313,0.526,0.591,0.745,0.777,0.54,0.617,0.703,0.731,0.627,0.639,0.676,0.572,0.535,0.738,0.38,0.455,0.723,0.63,0.816,0.529,0.337,0.372,0.615,0.386,0.695,0.736,0.728,0.757,0.763,0.477,0.438,0.552,0.627,0.762,0.762,0.762,0.762,0.533,0.769,0.759,0.415,0.603,0.339,0.472,0.763,0.324,0.376,0.759,0.679,0.762,0.771,0.743,0.744,0.762,0.761,0.757,0.746,0.759,0.757,0.759,0.567,0.762,0.307,0.787,0.329,0.802,0.343,0.643,0.732,0.703,0.609,0.641,0.51,0.762,0.622,0.747,0.313,0.807,0.453,0.526,0.484,0.386,0.36,0.714,0.797,0.715,0.725,0.873,0.873,0.873,0.734,0.873,0.873,0.873,0.873,0.722,0.627,0.873,0.62,0.873,0.873,0.873,0.762,0.733,0.403,0.811,0.762,0.761,0.728,0.722,0.81,0.717,0.483,0.495,0.566,0.709,0.762,0.709,0.271,0.501,0.864,0.764,0.421,0.409,0,0,0,0,0,0.334,0.76,0.723,0.4,0.627,0.757,0.757,0.708,0.502,0.498,0.335,0.717,0.715,0.803,0.54,0.585,0.656,0.75,0.803,0.533,0.713,0.797,0.718,0.517,0.736,0.729,0.783,0.763,0.398,0.253,0.636,0.519,0.508,0.762,0.275,0.452,0.443,0.368,0.66,0.854,0.854,0.854,0.546,0.714,0.762,0.726,0.803,0.699,0.6,0.447,0.714,0.794,0.561,0.539,0.378,0.393,0.721,0.705,0.771,0.689,0.763,0.313,0.313,0.763,0.476,0.527,0.638,0.512,0.739,0.763,0.74,0.578,0.798,0.723,0.713,0.803,0.803,0.803,0.803,0.723,0.803,0.803,0.803,0.803,0.803,0.797,0.803,0.803,0.803,0.803,0.762,0.803,0.62,0.806,0.313,0.803,0.726,0.878,0.747,0.533,0.54,0.657,0.74,0.708,0.682,0.569,0.736,0.803
"CBLN4",0.603,0.209,0.219,0.572,0.633,0.603,0.558,0.713,0.718,0.664,0.637,0.663,0.599,0.689,0.71,0.531,0.732,0.656,0.45,0,0.631,0.622,0.269,0.668,0.554,0.513,0.573,0.734,0.678,0.676,0.457,0.78,0.362,0.457,0.327,0.426,0.7,0.789,0.628,0.594,0.629,0.66,0,0.269,0.617,0,0.651,0.671,0.557,0.493,0.65,0.663,0.65,0.452,0.449,0.505,0.547,0.396,0.625,0.671,0.657,0.708,0.711,0.569,0.477,0.578,0.531,0.71,0.71,0.71,0.71,0.383,0.716,0.72,0.631,0.573,0.416,0.611,0.711,0.522,0.57,0.718,0.476,0.71,0.718,0.694,0.678,0.71,0.722,0.708,0.684,0.718,0.708,0.702,0.474,0.71,0.434,0.748,0.575,0.853,0.62,0.588,0.667,0.422,0.629,0.307,0.646,0.71,0.618,0.694,0.457,0.759,0.455,0.535,0.475,0.396,0.746,0.641,0.671,0.438,0.434,0.853,0.853,0.853,0.443,0.853,0.853,0.853,0.853,0.452,0,0.853,0.533,0.853,0.853,0.853,0.71,0.536,0.391,0.786,0.71,0.718,0.663,0.648,0.794,0.647,0.327,0.218,0.615,0.632,0.71,0.632,0.389,0.229,0.841,0.702,0.566,0.536,0.613,0.613,0.613,0.613,0.613,0.555,0.71,0.656,0.624,0,0.708,0.708,0.579,0.563,0.564,0.429,0.654,0.64,0.761,0.593,0.626,0.255,0.686,0.732,0.579,0.648,0.755,0.645,0.621,0.665,0.663,0.757,0.722,0.589,0.705,0.302,0.446,0.71,0.71,0.413,0.632,0.585,0.549,0.286,0.811,0.811,0.811,0.582,0.648,0.71,0.541,0.732,0.627,0.392,0.663,0.64,0.677,0.611,0.636,0.217,0.686,0.645,0.632,0.718,0.722,0.711,0.457,0.457,0.822,0.585,0.346,0.546,0.669,0.562,0.711,0.622,0.414,0.753,0.656,0.649,0.732,0.732,0.732,0.732,0.493,0.732,0.732,0.732,0.732,0.732,0.755,0.732,0.732,0.732,0.732,0.71,0.732,0.533,0.856,0.457,0.732,0.652,0.833,0.68,0.396,0.593,0.524,0.789,0.578,0.662,0.625,0.671,0.732
"CCDC8",0.413,0.64,0.555,0.323,0.168,0.478,0.38,0.393,0.406,0.285,0.394,0.409,0.432,0.447,0.538,0,0.303,0.365,0.539,0.631,0,0.284,0.629,0.526,0.413,0.42,0,0.422,0.32,0.364,0.543,0.595,0.562,0.313,0.482,0.532,0.347,0.584,0.149,0.351,0.355,0.29,0.588,0.629,0.35,0.531,0.438,0.333,0.286,0.332,0.309,0.367,0.646,0.493,0.411,0.546,0.339,0.473,0.305,0.306,0.428,0.462,0.445,0.264,0.497,0.487,0,0.538,0.538,0.538,0.538,0.375,0.407,0.368,0.431,0.506,0.53,0.554,0.445,0.59,0.59,0.485,0.444,0.538,0.439,0.325,0.231,0.538,0.455,0.462,0.306,0.485,0.462,0.404,0.444,0.538,0.369,0.49,0.432,0.696,0.53,0.347,0.44,0.631,0.281,0.445,0.177,0.538,0.332,0.479,0.313,0.466,0.478,0.389,0.519,0.473,0.36,0.32,0.613,0.651,0.656,0.643,0.643,0.643,0.656,0.643,0.643,0.643,0.643,0.485,0.588,0.643,0.533,0.643,0.643,0.643,0.538,0.365,0.507,0.571,0.538,0.384,0.293,0.381,0.599,0.453,0.645,0.532,0.492,0.495,0.538,0.495,0.491,0.641,0.605,0.341,0.318,0.511,0,0,0,0,0,0.449,0.405,0.365,0.562,0.588,0.462,0.462,0.371,0.361,0.312,0.554,0.291,0.308,0.48,0.556,0.554,0.445,0.283,0.303,0.575,0.33,0.485,0.283,0.214,0.272,0.371,0.584,0.381,0.468,0.532,0.591,0.326,0.562,0.538,0.439,0.429,0.384,0.469,0.638,0.238,0.238,0.238,0.491,0.484,0.538,0.473,0.303,0.384,0.57,0.558,0.315,0.436,0.314,0.497,0.641,0.53,0.369,0.355,0.522,0.322,0.445,0.313,0.313,0.619,0.328,0.659,0.317,0.517,0.37,0.445,0.348,0.452,0.433,0.365,0.37,0.303,0.303,0.303,0.303,0.58,0.303,0.303,0.303,0.303,0.303,0.485,0.303,0.303,0.303,0.303,0.538,0.303,0.533,0.697,0.313,0.303,0.411,0.348,0.281,0.401,0.556,0.418,0.527,0.339,0.39,0.338,0.262,0.303
"CCDC81",0.456,0.651,0.611,0.425,0.417,0.681,0.302,0.525,0.591,0.47,0.623,0.44,0.678,0.457,0.526,0,0.604,0.391,0.695,0.622,0.284,0,0.584,0.706,0.545,0.69,0.159,0.612,0.478,0.525,0.71,0.538,0.584,0.531,0.659,0.683,0.469,0.55,0.41,0.499,0.299,0.151,0.588,0.584,0.37,0.531,0.541,0.422,0.433,0.548,0.328,0.489,0.594,0.592,0.474,0.706,0.48,0.601,0.238,0.42,0.343,0.534,0.548,0.348,0.678,0.561,0,0.526,0.526,0.526,0.526,0.343,0.577,0.607,0.685,0.549,0.655,0.723,0.548,0.72,0.721,0.582,0.389,0.526,0.57,0.454,0.331,0.526,0.578,0.534,0.473,0.582,0.534,0.538,0.53,0.526,0.503,0.612,0.632,0.66,0.68,0.426,0.371,0.568,0.441,0.417,0.402,0.526,0.443,0.422,0.531,0.649,0.59,0.517,0.58,0.601,0.769,0.366,0.578,0.691,0.704,0.871,0.871,0.871,0.713,0.871,0.871,0.871,0.871,0.51,0.588,0.871,0.617,0.871,0.871,0.871,0.526,0.525,0.64,0.539,0.526,0.597,0.418,0.257,0.616,0.402,0.664,0.65,0.54,0.544,0.526,0.544,0.622,0.608,0.628,0.53,0.417,0.591,0.67,0.67,0.67,0.67,0.67,0.604,0.556,0.391,0.711,0.588,0.534,0.534,0.323,0.421,0.45,0.646,0.4,0.226,0.646,0.592,0.648,0.377,0.515,0.604,0.652,0.394,0.621,0.304,0.252,0.418,0.384,0.524,0.612,0.606,0.757,0.59,0.344,0.68,0.526,0.684,0.736,0.567,0.644,0.618,0.58,0.58,0.58,0.512,0.588,0.526,0.463,0.604,0.244,0.559,0.701,0.368,0.652,0.437,0.629,0.623,0.722,0.369,0.312,0.557,0.609,0.548,0.531,0.531,0.619,0.469,0.675,0.449,0.592,0.357,0.548,0.497,0.636,0.514,0.391,0.41,0.604,0.604,0.604,0.604,0.617,0.604,0.604,0.604,0.604,0.604,0.621,0.604,0.604,0.604,0.604,0.526,0.604,0.617,0.669,0.531,0.604,0.307,0.698,0.41,0.601,0.592,0.619,0.527,0.352,0.489,0.484,0.204,0.604
"CCL23",0.545,0.295,0.299,0.555,0.63,0.625,0.49,0.697,0.702,0.66,0.643,0.636,0.712,0.686,0.68,0.531,0.732,0.624,0.639,0.269,0.629,0.584,0,0.653,0.529,0.478,0.573,0.728,0.667,0.687,0.66,0.765,0.163,0.457,0.447,0.34,0.7,0.779,0.625,0.633,0.596,0.655,0,0,0.614,0,0.667,0.657,0.529,0.665,0.64,0.673,0.525,0.643,0.587,0.667,0.537,0.271,0.608,0.659,0.649,0.676,0.687,0.557,0.57,0.616,0.531,0.68,0.68,0.68,0.68,0.237,0.701,0.71,0.628,0.545,0.596,0.562,0.687,0.711,0.712,0.699,0.328,0.68,0.701,0.692,0.67,0.68,0.708,0.676,0.679,0.699,0.676,0.681,0.563,0.68,0.615,0.734,0.557,0.828,0.652,0.575,0.644,0.234,0.63,0.115,0.641,0.68,0.615,0.692,0.457,0.744,0.391,0.643,0.603,0.271,0.746,0.625,0.583,0.262,0.291,0.853,0.853,0.853,0.328,0.853,0.853,0.853,0.853,0.357,0,0.853,0.533,0.853,0.853,0.853,0.68,0.508,0.206,0.773,0.68,0.704,0.644,0.636,0.762,0.674,0.501,0.3,0.733,0.613,0.68,0.613,0.548,0.21,0.82,0.703,0.547,0.662,0.627,0.627,0.627,0.627,0.627,0.518,0.69,0.624,0.653,0,0.676,0.676,0.532,0.683,0.593,0.487,0.621,0.62,0.745,0.567,0.625,0.279,0.68,0.732,0.622,0.635,0.726,0.632,0.614,0.662,0.7,0.744,0.71,0.58,0.714,0.107,0.336,0.721,0.68,0.618,0.609,0.574,0.58,0.081,0.811,0.811,0.811,0.548,0.64,0.68,0.512,0.732,0.592,0.486,0.642,0.62,0.627,0.62,0.612,0.27,0.685,0.628,0.607,0.698,0.734,0.687,0.457,0.457,0.822,0.576,0.472,0.62,0.687,0.525,0.687,0.6,0.443,0.733,0.624,0.634,0.732,0.732,0.732,0.732,0.339,0.732,0.732,0.732,0.732,0.732,0.726,0.732,0.732,0.732,0.732,0.68,0.732,0.533,0.839,0.457,0.732,0.641,0.833,0.682,0.478,0.567,0.496,0.789,0.53,0.716,0.651,0.671,0.732
"CCR4",0.751,0.618,0.644,0.366,0.501,0.395,0.709,0.777,0.782,0.754,0.512,0.595,0.801,0.725,0.768,0.67,0.823,0.732,0.214,0.668,0.526,0.706,0.653,0,0.487,0.321,0.694,0.799,0.756,0.608,0.439,0.803,0.486,0.313,0.564,0.499,0.765,0.782,0.524,0.639,0.715,0.749,0.67,0.653,0.689,0.627,0.515,0.753,0.322,0.584,0.741,0.65,0.818,0.739,0.458,0.476,0.62,0.32,0.721,0.75,0.744,0.761,0.771,0.463,0.555,0.547,0.67,0.768,0.768,0.768,0.768,0.516,0.78,0.788,0.28,0.591,0.483,0.403,0.771,0.478,0.465,0.781,0.689,0.768,0.781,0.775,0.76,0.768,0.767,0.761,0.765,0.781,0.761,0.771,0.688,0.768,0.43,0.793,0.157,0.806,0.368,0.65,0.742,0.714,0.616,0.66,0.471,0.768,0.621,0.76,0.313,0.816,0.413,0.646,0.625,0.32,0.36,0.731,0.794,0.731,0.744,0.903,0.903,0.903,0.754,0.903,0.903,0.903,0.903,0.743,0.67,0.903,0.683,0.903,0.903,0.903,0.768,0.755,0.327,0.812,0.768,0.782,0.741,0.739,0.805,0.768,0.714,0.478,0.573,0.731,0.768,0.731,0.387,0.672,0.87,0.779,0.381,0.495,0,0,0,0,0,0.247,0.768,0.732,0.367,0.67,0.761,0.761,0.724,0.714,0.539,0.403,0.725,0.73,0.815,0.504,0.57,0.659,0.765,0.823,0.526,0.738,0.8,0.736,0.494,0.756,0.783,0.794,0.784,0.336,0.35,0.658,0.495,0.441,0.768,0.418,0.411,0.403,0.327,0.679,0.864,0.864,0.864,0.514,0.748,0.768,0.749,0.823,0.71,0.753,0.36,0.728,0.814,0.58,0.499,0.519,0.323,0.737,0.72,0.78,0.694,0.771,0.313,0.313,0.763,0.434,0.511,0.726,0.497,0.759,0.771,0.76,0.577,0.805,0.732,0.738,0.823,0.823,0.823,0.823,0.732,0.823,0.823,0.823,0.823,0.823,0.8,0.823,0.823,0.823,0.823,0.768,0.823,0.683,0.81,0.313,0.823,0.743,0.887,0.768,0.521,0.504,0.671,0.74,0.725,0.73,0.606,0.76,0.823
