"","ACOT11","ADAMTS20","ADAMTS5","ADCY4","AIP","AJAP1","AKR7L","ALX1","ALX4","APOBEC1","AQP1","ARHGEF4","ASCC1","ATG16L1","BHLHE23","BOLL","CABLES1","CACNA1B","CCDC8","CCDC81","CCL23","CCR4","CD1C","CD8A","CDO1","CDX2","CFTR","CHRNA9","CLVS2","CMTM2","COL17A1","COLEC11","COX10","COX6C","CRTC1","CRYAB","CRYGD","CSPP1","CST9","CXCL5","DCTN2","DEFB119","DEGS1","DENND1B","DGKA","DGKI","DGUOK","DLC1","DNASE2","DOC2A","DRD4","DRD5","EEF1A1","EFNA4","EIF3G","ELF3","ELMOD3","EOMES","ESRRG","EXOC1","F11R","FAIM2","FCRLA","FOXB1","FOXB2","FOXD2","FOXI2","FRZB","GATA4","GATAD2B","GFRA2","GHITM","GHSR","GNG4","GRHL3","GRIK2","GRIK3","GSC","GSTM5","HES3","HLF","HMGCL","HORMAD2","HOXA5","HOXA7","HOXB2","HOXD10","HOXD12","HOXD13","HOXD3","HOXD4","HOXD8","HRH1","IFFO1","IL21R","IMMP2L","KCNK2","KRT5","KRTDAP","KSR1","LEP","LIMD2","LMX1A","LONP2","LRAT","LUC7L3","MAGI2","MAL2","MEGF11","MEOX2","MEST","MIR10A","MIR10B","MIR125B1","MIR196A1","MIR21","MIR493","MIR495","MIR520A","MIR520C","MIR526A1","MIR543","MIR657","MKX","MNDA","MRGPRD","MRPL15","MSGN1","MSX1","MYT1","NAV1","NDUFAF3","NEFM","NETO1","NID2","NIPSNAP1","NKX2-4","NKX2-6","NKX2-8","NPBWR1","NPTX2","NSUN4","NUP43","OPN3","OPRM1","OR10G4","OR10J5","OR2Y1","OR51B2","OR8B12","OR8B8","OTP","PANK4","PANX3","PAX3","PAX4","PCK1","PDE4B","PDPK1","PDYN","PFKFB2","PFN3","PHC3","PIGB","PIGV","PODN","POLR2D","PRDM13","PRRT1","PTF1A","RALYL","RGS22","RIN1","RUNX3","RUSC1","SAR1A","SATB2","SCARF1","SCN4A","SCT","SERPINB5","SIGLEC14","SIM1","SLC12A7","SLC22A6","SLC2A14","SLC6A2","SLURP1","SORCS1","SOX14","SP9","SPAG6","SPEG","SPHKAP","SRGN","SSTR4","STK19","SUB1","SVIL","SYTL1","TAC1","TACR3","TBPL2","TBX20","TCF15","TERT","TFAP2A","TMEM39A","TNFRSF10A","TNN","TP73","TRPM2","TUBB6","TWIST1","UBE2V2","WNT3","ZC3H12D","ZC3HAV1","ZFP42","ZIK1","ZNF132","ZNF135","ZNF154","ZNF177","ZNF418","ZNF454","ZNF471","ZNF492","ZNF560","ZNF572","ZNF577","ZNF667","ZNF709","ZNF781","ZSCAN1","ZSCAN18","ADAM5P","ATP5G2","C10orf26","C1orf114","C1orf150","CCDC36","DBC1","FAM188B","G6PC","HIST1H4F","MARCH11","MOBKL1B","RICS","SFRS13A","WDR8","ZNF285A"
"ACOT11",0,0.763,0.611,0.717,0.705,0.681,0.827,0.766,0.748,0.652,0.802,0.733,0.727,0.694,0.741,0.714,0.457,0.768,0.457,0.457,0.814,0.77,0.576,0.726,0.805,0.77,0.736,0.791,0.684,0.737,0.737,0.68,0.86,0.457,0.729,0.661,0.742,0.457,0.9,0.727,0.704,0.313,0.706,0.775,0.609,0.747,0.886,0.609,0.729,0.661,0.74,0.774,0.709,0.744,0.73,0.769,0.457,0.789,0.727,0.713,0.696,0.457,0.824,0.752,0.868,0.764,0.868,0.713,0.747,0.734,0.883,0.654,0.846,0.713,0.756,0.777,0.914,0.828,0.702,0.802,0.752,0.748,0.457,0.761,0.753,0.758,0.74,0.75,0.761,0.77,0.77,0.766,0.88,0.457,0.777,0.672,0.956,0.727,0.533,0.745,0.716,0.717,0.755,0.641,0.709,0.719,0.722,0.742,0.457,0.764,0.433,0.864,0.864,0.864,0.762,0.864,0.864,0.864,0.762,0.864,0.762,0.864,0.762,0.868,0.732,0.853,0.733,0.726,0.762,0.797,0.756,0.457,0.735,0.689,0.717,0.696,0.657,0.84,0.806,0.769,0.598,0.738,0.457,0.733,0.754,0.765,0.898,0.898,0.898,0.765,0.765,0.757,0.529,0.79,0.745,0.82,0.796,0.692,0.773,0.843,0.692,0.592,0.684,0.859,0.768,0.801,0.709,0.719,0.776,0.747,0.708,0.572,0.762,0.761,0.723,0.73,0.734,0.745,0.784,0.713,0.759,0.728,0.738,0.874,0.788,0.921,0.774,0.755,0.758,0.725,0.813,0.689,0.762,0.713,0.457,0.744,0.853,0.729,0.708,0.719,0.739,0.759,0.804,0.824,0.783,0.717,0.744,0.457,0.712,0.783,0.714,0.88,0.666,0.724,0.457,0.715,0.627,0.709,0.748,0.743,0.82,0.743,0.82,0.748,0.751,0.813,0.82,0.82,0.834,0.731,0.82,0.738,0.817,0.78,0.745,0.743,0.533,0.606,0.729,0.689,0.457,0.457,0.718,0.726,0.676,0.719,0.805,0.744,0.712,0.701,0.457,0.723
"ADAMTS20",0.763,0,0.394,0.68,0.788,0.77,0.882,0.863,0.861,0.595,0.899,0.816,0.798,0.768,0.849,0.819,0.719,0.774,0.719,0.719,0.896,0.858,0.816,0.838,0.424,0.876,0.86,0.867,0.806,0.808,0.817,0.75,0.904,0.719,0.804,0.732,0.804,0.719,0.964,0.83,0.808,0.822,0.794,0.911,0.737,0.66,0.904,0.808,0.863,0.609,0.77,0.816,0.84,0.805,0.82,0.867,0.719,0.893,0.74,0.781,0.819,0.719,0.918,0.857,0.924,0.87,0.924,0.783,0.792,0.566,0.955,0.782,0.907,0.783,0.859,0.886,0.959,0.916,0.789,0.876,0.87,0.559,0.719,0.867,0.866,0.858,0.846,0.834,0.867,0.872,0.872,0.863,0.936,0.719,0.858,0.438,0.976,0.816,0.725,0.699,0.833,0.607,0.738,0.651,0.833,0.825,0.844,0.804,0.719,0.87,0.622,0.925,0.925,0.925,0.919,0.925,0.925,0.925,0.919,0.925,0.919,0.925,0.919,0.924,0.806,0.939,0.816,0.841,0.875,0.593,0.843,0.719,0.82,0.884,0.699,0.762,0.798,0.911,0.907,0.862,0.585,0.827,0.719,0.868,0.863,0.842,0.939,0.939,0.939,0.842,0.842,0.855,0.501,0.864,0.859,0.904,0.672,0.691,0.811,0.905,0.833,0.795,0.571,0.904,0.834,0.86,0.795,0.655,0.884,0.865,0.799,0.8,0.852,0.868,0.795,0.804,0.848,0.836,0.856,0.829,0.824,0.773,0.847,0.931,0.878,0.959,0.8,0.836,0.822,0.84,0.714,0.884,0.769,0.783,0.719,0.829,0.828,0.844,0.794,0.813,0.922,0.824,0.876,0.917,0.888,0.796,0.87,0.719,0.826,0.843,0.788,0.849,0.677,0.862,0.719,0.828,0.637,0.651,0.732,0.675,0.672,0.675,0.672,0.712,0.71,0.714,0.672,0.672,0.679,0.697,0.672,0.67,0.67,0.644,0.71,0.675,0.725,0.801,0.804,0.884,0.719,0.719,0.839,0.678,0.79,0.827,0.374,0.631,0.833,0.808,0.719,0.657
"ADAMTS5",0.611,0.394,0,0.509,0.468,0.508,0.799,0.615,0.603,0.45,0.649,0.544,0.555,0.427,0.585,0.515,0,0.593,0,0,0.622,0.588,0.568,0.553,0.636,0.643,0.611,0.62,0.573,0.543,0.473,0.507,0.87,0,0.534,0.443,0.563,0,0.9,0.496,0.472,0.589,0.556,0.757,0.65,0.531,0.86,0.548,0.769,0.499,0.559,0.608,0.566,0.528,0.57,0.627,0,0.738,0.56,0.561,0.441,0,0.824,0.606,0.867,0.631,0.867,0.516,0.568,0.479,0.883,0.528,0.813,0.516,0.618,0.592,0.908,0.76,0.484,0.673,0.63,0.648,0,0.629,0.606,0.61,0.607,0.582,0.718,0.627,0.627,0.615,0.877,0,0.612,0.46,0.953,0.554,0.533,0.496,0.53,0.485,0.568,0.326,0.604,0.575,0.525,0.563,0,0.631,0.372,0.846,0.846,0.846,0.762,0.846,0.846,0.846,0.762,0.846,0.762,0.846,0.762,0.867,0.558,0.853,0.572,0.583,0.626,0.676,0.702,0,0.553,0.427,0.536,0.537,0.539,0.839,0.804,0.617,0.445,0.578,0,0.627,0.592,0.592,0.896,0.896,0.896,0.707,0.707,0.609,0.535,0.786,0.6,0.804,0.669,0.562,0.556,0.72,0.566,0.635,0.441,0.866,0.594,0.741,0.529,0.558,0.776,0.66,0.496,0.212,0.583,0.621,0.527,0.551,0.593,0.591,0.603,0.499,0.574,0.674,0.587,0.777,0.638,0.919,0.579,0.569,0.573,0.596,0.727,0.427,0.533,0.516,0,0.579,0.789,0.55,0.553,0.52,0.52,0.573,0.792,0.762,0.675,0.533,0.617,0,0.497,0.493,0.492,0.81,0.506,0.544,0,0.51,0.486,0.491,0.564,0.534,0.724,0.534,0.724,0.551,0.554,0.727,0.724,0.724,0.733,0.488,0.724,0.531,0.723,0.701,0.549,0.534,0.533,0.564,0.534,0.427,0,0,0.545,0.659,0.561,0.564,0.601,0.519,0.581,0.515,0,0.521
"ADCY4",0.717,0.68,0.509,0,0.491,0.435,0.814,0.606,0.582,0.488,0.676,0.487,0.486,0.485,0.563,0.492,0,0.382,0,0,0.694,0.563,0.541,0.456,0.6,0.617,0.571,0.613,0.52,0.477,0.536,0.447,0.883,0,0.463,0.397,0.513,0,0.9,0.467,0.365,0.627,0.554,0.716,0.45,0.238,0.644,0.499,0.784,0.35,0.509,0.566,0.467,0.504,0.52,0.623,0,0.712,0.575,0.492,0.451,0,0.824,0.588,0.857,0.627,0.857,0.432,0.552,0.465,0.883,0.518,0.814,0.432,0.606,0.592,0.914,0.746,0.466,0.647,0.622,0.483,0,0.62,0.591,0.594,0.594,0.55,0.716,0.624,0.624,0.606,0.881,0,0.599,0.849,0.954,0.509,0.533,0.371,0.47,0.327,0.491,0.435,0.615,0.532,0.475,0.513,0,0.627,0.467,0.821,0.821,0.821,0.762,0.821,0.821,0.821,0.762,0.821,0.762,0.821,0.762,0.857,0.498,0.853,0.522,0.562,0.622,0.666,0.85,0,0.502,0.427,0.43,0.467,0.537,0.835,0.794,0.609,0.334,0.563,0,0.623,0.576,0.565,0.897,0.897,0.897,0.709,0.709,0.588,0.351,0.798,0.583,0.783,0.522,0.366,0.472,0.691,0.354,0.599,0.401,0.877,0.584,0.752,0.388,0.507,0.776,0.652,0.452,0.212,0.555,0.49,0.451,0.451,0.575,0.567,0.584,0.444,0.531,0.635,0.558,0.657,0.653,0.92,0.526,0.528,0.529,0.576,0.621,0.427,0.44,0.432,0,0.544,0.604,0.543,0.488,0.448,0.52,0.53,0.771,0.749,0.665,0.519,0.631,0,0.474,0.574,0.416,0.733,0.376,0.525,0,0.448,0.404,0.345,0.484,0.421,0.604,0.421,0.604,0.458,0.461,0.621,0.604,0.604,0.61,0.405,0.604,0.416,0.601,0.568,0.455,0.421,0.533,0.52,0.463,0.427,0,0,0.458,0.873,0.537,0.52,0.668,0.382,0.548,0.44,0,0.393
"AIP",0.705,0.788,0.468,0.491,0,0.38,0.814,0.513,0.512,0.514,0.637,0.392,0.428,0.399,0.468,0.441,0,0.565,0,0,0.676,0.5,0.49,0.461,0.8,0.553,0.582,0.545,0.468,0.408,0.47,0.487,0.879,0,0.394,0.419,0.441,0,0.838,0.414,0.38,0.627,0.424,0.674,0.682,0.503,0.873,0.431,0.799,0.449,0.569,0.552,0.53,0.42,0.464,0.516,0,0.623,0.56,0.437,0.409,0,0.824,0.508,0.822,0.53,0.822,0.37,0.53,0.494,0.883,0.435,0.806,0.37,0.525,0.556,0.906,0.618,0.408,0.56,0.554,0.741,0,0.528,0.504,0.506,0.51,0.453,0.667,0.537,0.537,0.513,0.872,0,0.533,0.768,0.949,0.452,0.533,0.506,0.428,0.429,0.524,0.477,0.569,0.481,0.43,0.441,0,0.53,0.401,0.83,0.83,0.83,0.762,0.83,0.83,0.83,0.762,0.83,0.762,0.83,0.762,0.822,0.432,0.853,0.467,0.487,0.547,0.726,0.85,0,0.439,0.427,0.479,0.401,0.448,0.771,0.75,0.548,0.407,0.504,0,0.566,0.53,0.495,0.888,0.888,0.888,0.696,0.696,0.505,0.737,0.779,0.497,0.762,0.757,0.585,0.506,0.622,0.519,0.583,0.438,0.874,0.519,0.742,0.405,0.549,0.612,0.605,0.404,0.212,0.472,0.532,0.387,0.495,0.499,0.504,0.512,0.385,0.449,0.654,0.47,0.726,0.622,0.913,0.57,0.448,0.455,0.504,0.75,0.427,0.489,0.37,0,0.477,0.827,0.36,0.44,0.391,0.52,0.456,0.779,0.632,0.567,0.555,0.539,0,0.429,0.516,0.433,0.854,0.508,0.452,0,0.382,0.49,0.441,0.504,0.476,0.749,0.476,0.749,0.515,0.497,0.75,0.749,0.749,0.767,0.467,0.749,0.459,0.747,0.711,0.502,0.476,0.533,0.455,0.397,0.427,0,0,0.411,0.808,0.497,0.475,0.767,0.468,0.466,0.356,0,0.445
"AJAP1",0.681,0.77,0.508,0.435,0.38,0,0.872,0.489,0.493,0.496,0.627,0.292,0.269,0.362,0.449,0.332,0,0.522,0,0,0.604,0.417,0.413,0.322,0.757,0.569,0.599,0.481,0.355,0.239,0.358,0.431,0.881,0,0.219,0.326,0.289,0,0.9,0.293,0.227,0.627,0.457,0.615,0.641,0.433,0.859,0.336,0.738,0.326,0.557,0.499,0.502,0.321,0.349,0.523,0,0.658,0.562,0.282,0.308,0,0.824,0.471,0.822,0.542,0.822,0.176,0.573,0.38,0.883,0.358,0.758,0.176,0.508,0.517,0.897,0.674,0.289,0.504,0.548,0.704,0,0.538,0.498,0.479,0.488,0.376,0.666,0.524,0.524,0.489,0.853,0,0.464,0.864,0.936,0.348,0.533,0.533,0.33,0.277,0.506,0.509,0.569,0.39,0.342,0.289,0,0.542,0.289,0.753,0.753,0.753,0.762,0.753,0.753,0.753,0.762,0.753,0.762,0.753,0.762,0.822,0.275,0.853,0.353,0.46,0.547,0.729,0.893,0,0.312,0.427,0.3,0.225,0.405,0.808,0.766,0.493,0.329,0.45,0,0.523,0.485,0.396,0.86,0.86,0.86,0.608,0.608,0.478,0.711,0.742,0.489,0.739,0.754,0.522,0.539,0.53,0.465,0.422,0.341,0.882,0.473,0.498,0.261,0.567,0.776,0.587,0.259,0.212,0.407,0.535,0.202,0.404,0.476,0.381,0.42,0.287,0.314,0.524,0.453,0.659,0.607,0.898,0.541,0.346,0.312,0.47,0.722,0.427,0.52,0.176,0,0.368,0.849,0.435,0.294,0.24,0.52,0.313,0.711,0.686,0.588,0.553,0.581,0,0.341,0.339,0.451,0.829,0.486,0.452,0,0.292,0.416,0.333,0.498,0.42,0.716,0.42,0.716,0.466,0.471,0.722,0.716,0.716,0.72,0.4,0.716,0.414,0.712,0.686,0.463,0.42,0.533,0.336,0.219,0.427,0,0,0.395,0.877,0.438,0.392,0.765,0.368,0.373,0.271,0,0.395
"AKR7L",0.827,0.882,0.799,0.814,0.814,0.872,0,0.872,0.872,0.689,0.872,0.872,0.872,0.799,0.872,0.872,0.872,0.872,0.872,0.872,0.923,0.872,0.872,0.872,0.764,0.872,0.689,0.872,0.872,0.872,0.872,0.872,0.861,0.872,0.872,0.813,0.872,0.872,0.958,0.872,0.872,0.917,0.583,0.943,0.827,0.872,0.911,0.872,0.906,0.872,0.872,0.872,0.813,0.872,0.872,0.872,0.872,0.907,0.872,0.872,0.872,0.872,0.907,0.872,0.907,0.872,0.907,0.872,0.872,0.872,0.947,0.704,0.923,0.872,0.872,0.907,0.929,0.907,0.827,0.907,0.872,0.813,0.872,0.872,0.872,0.872,0.872,0.872,0.872,0.872,0.872,0.872,0.907,0.872,0.872,0.799,0.972,0.872,0.704,0.839,0.872,0.872,0.872,0.799,0.773,0.872,0.872,0.872,0.872,0.872,0.689,0.954,0.954,0.954,0.959,0.954,0.954,0.954,0.959,0.954,0.959,0.954,0.959,0.907,0.872,0.929,0.872,0.872,0.872,0.872,0.9,0.872,0.872,0.943,0.872,0.872,0.704,0.872,0.872,0.872,0.704,0.827,0.872,0.872,0.872,0.872,0.929,0.929,0.929,0.872,0.872,0.872,0.689,0.813,0.872,0.907,0.864,0.907,0.864,0.943,0.872,0.872,0.872,0.861,0.861,0.907,0.872,0.854,0.872,0.872,0.872,0.907,0.872,0.872,0.872,0.872,0.872,0.872,0.872,0.872,0.872,0.872,0.872,0.943,0.872,0.944,0.872,0.872,0.872,0.872,0.907,0.943,0.839,0.872,0.872,0.872,0.864,0.872,0.872,0.872,0.959,0.872,0.872,0.907,0.872,0.823,0.872,0.872,0.872,0.907,0.872,0.943,0.704,0.872,0.872,0.872,0.868,0.872,0.872,0.872,0.907,0.872,0.907,0.872,0.872,0.907,0.907,0.907,0.929,0.872,0.907,0.872,0.907,0.872,0.872,0.872,0.704,0.872,0.872,0.943,0.872,0.872,0.872,0.84,0.827,0.872,0.84,0.872,0.872,0.872,0.872,0.872
"ALX1",0.766,0.863,0.615,0.606,0.513,0.489,0.872,0,0.056,0.587,0.7,0.541,0.478,0.547,0.108,0.506,0,0.661,0,0,0.715,0.61,0.588,0.556,0.831,0.109,0.689,0.66,0.588,0.538,0.591,0.475,0.913,0,0.524,0.507,0.574,0,0.9,0.514,0.476,0.627,0.641,0.758,0.726,0.622,0.877,0.547,0.642,0.566,0.625,0.656,0.556,0.563,0.507,0.051,0,0.212,0.218,0.569,0.49,0,0.824,0.087,0.257,0.0659999999999999,0.257,0.494,0.178,0.431,0.883,0.546,0.827,0.494,0.119,0.613,0.913,0.177,0.538,0.177,0.088,0.756,0,0.074,0.077,0.048,0.073,0.0669999999999999,0.15,0.016,0.016,0,0.879,0,0.647,0.891,0.954,0.556,0.533,0.649,0.407,0.544,0.0580000000000001,0.628,0.688,0.438,0.514,0.574,0,0.0659999999999999,0.574,0.777,0.777,0.777,0.723,0.777,0.777,0.777,0.723,0.777,0.723,0.777,0.723,0.257,0.363,0.853,0.515,0.085,0.0580000000000001,0.33,0.893,0,0.556,0.427,0.587,0.529,0.169,0.189,0.145,0.652,0.503,0.599,0,0.662,0.609,0.619,0.896,0.896,0.896,0.733,0.733,0.115,0.783,0.795,0.118,0.182,0.807,0.666,0.664,0.719,0.63,0.627,0.416,0.91,0.654,0.773,0.498,0.561,0.776,0.111,0.444,0.212,0.603,0.148,0.512,0.624,0.102,0.615,0.637,0.487,0.592,0.691,0.129,0.792,0.692,0.919,0.641,0.581,0.59,0.12,0.213,0.427,0.673,0.494,0,0.598,0.868,0.373,0.556,0.502,0.52,0.591,0.604,0.094,0.129,0.537,0.141,0,0.513,0.619,0.18,0.844,0.6,0.204,0,0.491,0.573,0.481,0.135,0.182,0.285,0.182,0.285,0.17,0.203,0.213,0.285,0.285,0.324,0.262,0.285,0.244,0.228,0.402,0.128,0.182,0.533,0.574,0.524,0.427,0,0,0.496,0.908,0.627,0.443,0.854,0.598,0.602,0.433,0,0.286
"ALX4",0.748,0.861,0.603,0.582,0.512,0.493,0.872,0.056,0,0.514,0.681,0.517,0.418,0.541,0.143,0.448,0,0.631,0,0,0.726,0.592,0.575,0.549,0.836,0.134,0.671,0.633,0.572,0.532,0.574,0.412,0.917,0,0.521,0.507,0.56,0,0.9,0.513,0.482,0.627,0.617,0.759,0.709,0.594,0.857,0.54,0.552,0.555,0.601,0.631,0.483,0.552,0.43,0.095,0,0.182,0.23,0.556,0.493,0,0.824,0.107,0.353,0.087,0.353,0.497,0.159,0.37,0.883,0.538,0.82,0.497,0.112,0.607,0.913,0.232,0.533,0.242,0.0669999999999999,0.763,0,0.0649999999999999,0.096,0.075,0.114,0.121,0.151,0.0649999999999999,0.0649999999999999,0.056,0.882,0,0.622,0.894,0.956,0.548,0.533,0.625,0.341,0.537,0.101,0.607,0.663,0.319,0.513,0.56,0,0.087,0.56,0.709,0.709,0.709,0.536,0.709,0.709,0.709,0.536,0.709,0.536,0.709,0.536,0.353,0.328,0.853,0.454,0.121,0.093,0.313,0.893,0,0.546,0.427,0.573,0.524,0.214,0.276,0.183,0.628,0.504,0.539,0,0.639,0.595,0.597,0.9,0.9,0.9,0.718,0.718,0.097,0.771,0.796,0.082,0.192,0.795,0.655,0.635,0.728,0.603,0.63,0.348,0.914,0.627,0.767,0.474,0.494,0.776,0.109,0.397,0.212,0.586,0.168,0.512,0.594,0.142,0.595,0.612,0.491,0.573,0.684,0.11,0.786,0.672,0.922,0.625,0.567,0.572,0.134,0.276,0.427,0.639,0.497,0,0.58,0.848,0.312,0.547,0.503,0.52,0.573,0.523,0.157,0.177,0.457,0.124,0,0.512,0.622,0.199,0.818,0.58,0.214,0,0.479,0.517,0.432,0.166,0.224,0.356,0.224,0.356,0.198,0.239,0.276,0.356,0.356,0.38,0.288,0.356,0.276,0.303,0.368,0.162,0.224,0.533,0.561,0.521,0.427,0,0,0.451,0.911,0.605,0.351,0.855,0.58,0.583,0.393,0,0.235
"APOBEC1",0.652,0.595,0.45,0.488,0.514,0.496,0.689,0.587,0.514,0,0.692,0.542,0.339,0.507,0.553,0.359,0,0.603,0,0,0.717,0.605,0.585,0.556,0.557,0.601,0.628,0.65,0.584,0.54,0.587,0.458,0.834,0,0.528,0.461,0.572,0,0.9,0.518,0.484,0.627,0.535,0.762,0.616,0.507,0.799,0.548,0.633,0.478,0.568,0.631,0.402,0.548,0.338,0.608,0,0.572,0.526,0.568,0.496,0,0.824,0.53,0.795,0.575,0.795,0.501,0.477,0.369,0.883,0.544,0.817,0.501,0.551,0.617,0.91,0.692,0.496,0.651,0.515,0.596,0,0.551,0.542,0.552,0.581,0.557,0.621,0.591,0.591,0.587,0.876,0,0.638,0.772,0.953,0.556,0.533,0.539,0.438,0.458,0.527,0.542,0.597,0.309,0.517,0.572,0,0.575,0.441,0.546,0.546,0.546,0.33,0.546,0.546,0.546,0.33,0.546,0.33,0.546,0.33,0.795,0.48,0.853,0.387,0.553,0.577,0.508,0.739,0,0.556,0.427,0.533,0.532,0.537,0.787,0.674,0.643,0.428,0.427,0,0.653,0.605,0.612,0.893,0.893,0.893,0.713,0.713,0.527,0.549,0.784,0.535,0.641,0.663,0.554,0.608,0.728,0.581,0.618,0.316,0.821,0.581,0.76,0.486,0.482,0.776,0.561,0.325,0.212,0.598,0.584,0.518,0.578,0.57,0.609,0.628,0.493,0.587,0.674,0.504,0.791,0.684,0.918,0.587,0.578,0.586,0.524,0.623,0.427,0.601,0.501,0,0.593,0.794,0.4,0.556,0.508,0.52,0.587,0.64,0.682,0.641,0.346,0.544,0,0.516,0.626,0.474,0.777,0.51,0.513,0,0.496,0.295,0.291,0.524,0.507,0.651,0.507,0.651,0.5,0.536,0.623,0.651,0.651,0.644,0.485,0.651,0.503,0.634,0.534,0.501,0.507,0.533,0.572,0.528,0.427,0,0,0.405,0.809,0.566,0.376,0.587,0.506,0.596,0.326,0,0.417
"AQP1",0.802,0.899,0.649,0.676,0.637,0.627,0.872,0.7,0.681,0.692,0,0.653,0.669,0.62,0.67,0.623,0,0.539,0,0,0.789,0.683,0.666,0.649,0.877,0.712,0.512,0.479,0.676,0.659,0.678,0.619,0.927,0,0.652,0.555,0.676,0,0.9,0.607,0.587,0.627,0.699,0.82,0.777,0.689,0.927,0.649,0.879,0.665,0.661,0.704,0.645,0.621,0.674,0.705,0,0.785,0.696,0.673,0.598,0,0.824,0.692,0.887,0.705,0.887,0.638,0.675,0.679,0.883,0.539,0.864,0.638,0.698,0.462,0.672,0.805,0.625,0.754,0.701,0.782,0,0.704,0.684,0.696,0.688,0.684,0.782,0.706,0.706,0.7,0.891,0,0.702,0.903,0.634,0.654,0.533,0.693,0.629,0.654,0.697,0.68,0.719,0.672,0.619,0.676,0,0.705,0.676,0.895,0.895,0.895,0.762,0.895,0.895,0.895,0.762,0.895,0.762,0.895,0.762,0.887,0.671,0.853,0.676,0.665,0.694,0.826,0.893,0,0.66,0.427,0.67,0.654,0.592,0.855,0.83,0.702,0.561,0.696,0,0.705,0.542,0.692,0.911,0.911,0.911,0.79,0.79,0.695,0.826,0.675,0.679,0.848,0.85,0.735,0.704,0.791,0.69,0.738,0.634,0.924,0.706,0.832,0.641,0.751,0.776,0.729,0.614,0.212,0.679,0.694,0.647,0.694,0.672,0.685,0.473,0.6,0.684,0.774,0.672,0.475,0.361,0.696,0.446,0.673,0.683,0.68,0.842,0.427,0.714,0.638,0,0.681,0.918,0.641,0.66,0.633,0.52,0.684,0.833,0.804,0.731,0.642,0.675,0,0.596,0.684,0.595,0.508,0.611,0.613,0,0.612,0.682,0.648,0.693,0.684,0.847,0.684,0.847,0.69,0.692,0.842,0.847,0.847,0.861,0.637,0.847,0.681,0.846,0.816,0.689,0.684,0.533,0.413,0.652,0.427,0,0,0.632,0.92,0.692,0.657,0.887,0.681,0.683,0.623,0,0.674
"ARHGEF4",0.733,0.816,0.544,0.487,0.392,0.292,0.872,0.541,0.517,0.542,0.653,0,0.352,0.414,0.495,0.391,0,0.568,0,0,0.641,0.476,0.465,0.426,0.789,0.607,0.632,0.541,0.424,0.322,0.428,0.469,0.896,0,0.302,0.424,0.372,0,0.813,0.353,0.304,0.627,0.516,0.354,0.688,0.492,0.881,0.231,0.79,0.395,0.568,0.551,0.531,0.39,0.418,0.569,0,0.681,0.581,0.365,0.34,0,0.824,0.523,0.842,0.583,0.842,0.259,0.595,0.468,0.883,0.399,0.796,0.259,0.554,0.515,0.905,0.701,0.358,0.56,0.585,0.726,0,0.58,0.54,0.531,0.534,0.445,0.707,0.57,0.57,0.541,0.865,0,0.523,0.876,0.944,0.407,0.533,0.571,0.382,0.365,0.552,0.546,0.61,0.449,0.388,0.372,0,0.583,0.372,0.797,0.797,0.797,0.762,0.797,0.797,0.797,0.762,0.797,0.762,0.797,0.762,0.842,0.358,0.853,0.422,0.502,0.582,0.757,0.893,0,0.381,0.427,0.446,0.308,0.44,0.821,0.782,0.545,0.364,0.509,0,0.57,0.523,0.465,0.876,0.876,0.876,0.677,0.677,0.53,0.749,0.765,0.512,0.772,0.782,0.564,0.555,0.569,0.517,0.505,0.393,0.894,0.532,0.709,0.33,0.619,0.689,0.624,0.329,0.212,0.147,0.572,0.285,0.473,0.517,0.482,0.49,0.339,0.368,0.607,0.499,0.701,0.637,0.907,0.573,0.408,0.395,0.516,0.76,0.427,0.572,0.259,0,0.437,0.872,0.466,0.382,0.309,0.52,0.396,0.751,0.71,0.618,0.575,0.603,0,0.387,0.439,0.477,0.852,0.513,0.452,0,0.289,0.475,0.392,0.544,0.48,0.759,0.48,0.759,0.518,0.523,0.76,0.759,0.759,0.768,0.452,0.759,0.473,0.756,0.724,0.515,0.48,0.533,0.405,0.302,0.427,0,0,0.374,0.891,0.497,0.444,0.808,0.405,0.28,0.305,0,0.454
"ASCC1",0.727,0.798,0.555,0.486,0.428,0.269,0.872,0.478,0.418,0.339,0.669,0.352,0,0.414,0.44,0.195,0,0.577,0,0,0.617,0.488,0.473,0.428,0.774,0.531,0.658,0.563,0.427,0.3,0.431,0.401,0.89,0,0.276,0.43,0.363,0,0.9,0.343,0.287,0.627,0.534,0.651,0.667,0.491,0.823,0.393,0.549,0.392,0.574,0.57,0.33,0.387,0.0669999999999999,0.522,0,0.479,0.564,0.355,0.353,0,0.824,0.402,0.724,0.496,0.724,0.222,0.501,0.352,0.883,0.43,0.785,0.222,0.449,0.543,0.906,0.608,0.348,0.502,0.43,0.724,0,0.472,0.448,0.436,0.482,0.379,0.574,0.497,0.497,0.478,0.863,0,0.542,0.874,0.94,0.406,0.533,0.579,0.273,0.356,0.498,0.552,0.633,0.076,0.386,0.363,0,0.496,0.363,0.395,0.395,0.395,0.33,0.395,0.395,0.395,0.33,0.395,0.33,0.395,0.33,0.724,0.206,0.853,0.155,0.452,0.505,0.601,0.893,0,0.376,0.427,0.452,0.283,0.437,0.752,0.62,0.564,0.385,0.347,0,0.59,0.534,0.476,0.87,0.87,0.87,0.659,0.659,0.412,0.71,0.768,0.437,0.546,0.756,0.558,0.59,0.555,0.521,0.454,0.286,0.889,0.552,0.681,0.262,0.492,0.776,0.494,0.042,0.212,0.476,0.505,0.254,0.471,0.476,0.494,0.506,0.329,0.394,0.566,0.391,0.704,0.654,0.904,0.587,0.416,0.391,0.409,0.636,0.427,0.583,0.222,0,0.443,0.801,0.262,0.376,0.289,0.52,0.393,0.516,0.604,0.568,0.413,0.494,0,0.384,0.412,0.445,0.813,0.538,0.436,0,0.334,0.307,0.164,0.493,0.455,0.675,0.455,0.675,0.452,0.508,0.636,0.675,0.675,0.662,0.427,0.675,0.447,0.653,0.535,0.453,0.455,0.533,0.404,0.276,0.427,0,0,0.283,0.887,0.512,0.204,0.792,0.443,0.449,0.092,0,0.339
"ATG16L1",0.694,0.768,0.427,0.485,0.399,0.362,0.799,0.547,0.541,0.507,0.62,0.414,0.414,0,0.509,0.384,0,0.568,0,0,0.678,0.497,0.486,0.455,0.788,0.602,0.612,0.547,0.461,0.393,0.463,0.452,0.793,0,0.379,0.401,0.429,0,0.9,0.354,0.316,0.627,0.481,0.593,0.622,0.465,0.816,0.434,0.789,0.439,0.558,0.555,0.482,0.379,0.457,0.57,0,0.694,0.591,0.424,0.385,0,0.824,0.533,0.848,0.581,0.848,0.348,0.593,0.491,0.883,0.417,0.802,0.348,0.557,0.518,0.902,0.713,0.287,0.588,0.583,0.725,0,0.578,0.545,0.539,0.541,0.476,0.71,0.57,0.57,0.547,0.865,0,0.534,0.733,0.945,0.443,0.533,0.41,0.42,0.416,0.556,0.451,0.489,0.476,0.362,0.429,0,0.581,0.376,0.82,0.82,0.82,0.762,0.82,0.82,0.82,0.762,0.82,0.762,0.82,0.762,0.848,0.419,0.853,0.46,0.513,0.58,0.767,0.838,0,0.428,0.427,0.474,0.383,0.447,0.822,0.788,0.55,0.388,0.443,0,0.57,0.53,0.491,0.879,0.879,0.879,0.688,0.688,0.538,0.714,0.764,0.537,0.784,0.724,0.578,0.468,0.638,0.491,0.562,0.429,0.778,0.443,0.731,0.39,0.567,0.776,0.629,0.336,0.212,0.443,0.572,0.367,0.489,0.526,0.502,0.51,0.385,0.446,0.639,0.512,0.695,0.602,0.908,0.573,0.454,0.445,0.526,0.772,0.427,0.428,0.348,0,0.471,0.772,0.458,0.429,0.322,0.52,0.446,0.766,0.719,0.624,0.489,0.579,0,0.382,0.419,0.463,0.853,0.501,0.482,0,0.389,0.485,0.432,0.549,0.5,0.773,0.5,0.773,0.529,0.532,0.772,0.773,0.773,0.782,0.433,0.773,0.495,0.771,0.741,0.526,0.5,0.533,0.447,0.379,0.427,0,0,0.444,0.778,0.446,0.469,0.614,0.471,0.474,0.384,0,0.48
"BHLHE23",0.741,0.849,0.585,0.563,0.468,0.449,0.872,0.108,0.143,0.553,0.67,0.495,0.44,0.509,0,0.473,0,0.617,0,0,0.705,0.563,0.546,0.518,0.824,0.1,0.665,0.608,0.537,0.488,0.54,0.454,0.905,0,0.475,0.473,0.519,0,0.9,0.476,0.442,0.627,0.59,0.734,0.707,0.573,0.873,0.506,0.657,0.518,0.6,0.609,0.529,0.515,0.471,0.0590000000000001,0,0.224,0.247,0.515,0.449,0,0.824,0.079,0.306,0.072,0.306,0.448,0.195,0.409,0.883,0.489,0.813,0.448,0.156,0.596,0.906,0.195,0.493,0.11,0.122,0.743,0,0.08,0.115,0.12,0.114,0.09,0.178,0.096,0.096,0.108,0.871,0,0.595,0.883,0.95,0.514,0.533,0.612,0.388,0.498,0.152,0.593,0.646,0.413,0.482,0.519,0,0.072,0.519,0.782,0.782,0.782,0.723,0.782,0.782,0.782,0.723,0.782,0.723,0.782,0.723,0.306,0.344,0.853,0.478,0.089,0.14,0.331,0.893,0,0.509,0.427,0.541,0.479,0.153,0.245,0.189,0.605,0.456,0.557,0,0.618,0.574,0.565,0.887,0.887,0.887,0.706,0.706,0.16,0.77,0.775,0.077,0.218,0.798,0.635,0.623,0.696,0.584,0.602,0.396,0.903,0.602,0.752,0.46,0.56,0.776,0.124,0.415,0.212,0.556,0.137,0.465,0.57,0.17,0.566,0.581,0.455,0.534,0.666,0.119,0.763,0.659,0.914,0.609,0.531,0.533,0.11,0.244,0.427,0.624,0.448,0,0.546,0.866,0.327,0.509,0.461,0.52,0.534,0.62,0.198,0.109,0.515,0.185,0,0.481,0.584,0.187,0.837,0.553,0.184,0,0.458,0.533,0.451,0.089,0.164,0.311,0.164,0.311,0.211,0.168,0.244,0.311,0.311,0.415,0.239,0.311,0.164,0.329,0.376,0.116,0.164,0.533,0.525,0.475,0.427,0,0,0.472,0.9,0.577,0.404,0.841,0.546,0.549,0.408,0,0.222
"BOLL",0.714,0.819,0.515,0.492,0.441,0.332,0.872,0.506,0.448,0.359,0.623,0.391,0.195,0.384,0.473,0,0,0.564,0,0,0.653,0.488,0.477,0.442,0.796,0.557,0.644,0.544,0.445,0.363,0.448,0.379,0.903,0,0.347,0.398,0.405,0,0.9,0.327,0.284,0.627,0.523,0.678,0.672,0.496,0.842,0.417,0.618,0.42,0.54,0.553,0.392,0.416,0.215,0.537,0,0.552,0.57,0.399,0.366,0,0.824,0.451,0.784,0.519,0.784,0.311,0.524,0.407,0.883,0.447,0.788,0.311,0.484,0.51,0.907,0.647,0.328,0.55,0.476,0.738,0,0.492,0.479,0.468,0.505,0.43,0.608,0.527,0.527,0.506,0.87,0,0.529,0.882,0.947,0.427,0.533,0.568,0.32,0.394,0.519,0.545,0.607,0.207,0.406,0.405,0,0.519,0.405,0.419,0.419,0.419,0.37,0.419,0.419,0.419,0.37,0.419,0.37,0.419,0.37,0.784,0.313,0.853,0.278,0.479,0.533,0.64,0.893,0,0.408,0.427,0.461,0.352,0.466,0.785,0.684,0.548,0.411,0.418,0,0.57,0.527,0.48,0.884,0.884,0.884,0.662,0.662,0.438,0.742,0.778,0.471,0.623,0.772,0.575,0.576,0.618,0.518,0.516,0.33,0.9,0.537,0.705,0.332,0.531,0.776,0.531,0.137,0.212,0.479,0.532,0.333,0.481,0.499,0.493,0.501,0.365,0.426,0.601,0.419,0.716,0.604,0.911,0.573,0.437,0.424,0.452,0.692,0.427,0.567,0.311,0,0.456,0.831,0.305,0.408,0.346,0.52,0.425,0.596,0.649,0.591,0.441,0.497,0,0.363,0.378,0.436,0.811,0.532,0.454,0,0.369,0.324,0.27,0.515,0.48,0.721,0.48,0.721,0.485,0.518,0.692,0.721,0.721,0.707,0.408,0.721,0.474,0.701,0.595,0.486,0.48,0.533,0.429,0.347,0.427,0,0,0.343,0.898,0.506,0.304,0.815,0.456,0.461,0.216,0,0.375
"CABLES1",0.457,0.719,0,0,0,0,0.872,0,0,0,0,0,0,0,0,0,0,0,0,0,0.527,0,0,0,0.719,0,0,0,0,0,0,0,0.872,0,0,0,0,0,0.9,0,0,0.627,0,0.427,0.457,0,0.829,0,0.675,0,0,0,0,0,0,0,0,0.427,0,0,0,0,0.824,0,0.807,0,0.807,0,0,0,0.883,0,0.658,0,0,0.212,0.853,0.427,0,0.212,0,0.643,0,0,0,0,0,0,0.457,0,0,0,0.824,0,0,0.846,0.931,0,0.533,0,0,0,0,0,0,0,0,0,0,0,0,0.731,0.731,0.731,0.762,0.731,0.731,0.731,0.762,0.731,0.762,0.731,0.762,0.807,0,0.853,0,0,0,0.675,0.893,0,0,0.427,0,0,0,0.776,0.708,0,0,0,0,0,0,0,0.853,0.853,0.853,0.457,0.457,0,0.643,0.694,0,0.675,0.643,0.212,0,0.427,0,0.343,0,0.872,0,0.572,0,0.427,0.776,0.212,0,0.212,0,0,0,0,0,0,0,0,0,0.457,0,0.427,0,0.888,0,0,0,0,0.643,0.427,0,0,0,0,0.829,0,0,0,0.52,0,0.675,0.427,0.212,0,0,0,0,0.212,0,0.689,0,0,0,0,0,0,0,0,0.643,0,0.643,0,0,0.643,0.643,0.643,0.643,0,0.643,0,0.643,0.643,0,0,0.533,0,0,0.427,0,0,0,0.866,0,0,0.719,0,0,0,0,0
"CACNA1B",0.768,0.774,0.593,0.382,0.565,0.522,0.872,0.661,0.631,0.603,0.539,0.568,0.577,0.568,0.617,0.564,0,0,0,0,0.724,0.628,0.56,0.577,0.715,0.66,0.56,0.428,0.601,0.569,0.611,0.474,0.926,0,0.557,0.386,0.601,0,0.9,0.541,0.507,0.627,0.656,0.774,0.478,0.375,0.704,0.571,0.822,0.48,0.571,0.637,0.561,0.587,0.597,0.672,0,0.739,0.632,0.586,0.515,0,0.824,0.645,0.876,0.672,0.876,0.53,0.621,0.567,0.883,0.529,0.77,0.53,0.656,0.522,0.781,0.777,0.566,0.703,0.664,0.615,0,0.666,0.639,0.65,0.646,0.624,0.736,0.673,0.673,0.661,0.893,0,0.661,0.904,0.688,0.579,0.533,0.471,0.538,0.46,0.577,0.521,0.69,0.6,0.537,0.601,0,0.672,0.601,0.844,0.844,0.844,0.762,0.844,0.844,0.844,0.762,0.844,0.762,0.844,0.762,0.876,0.587,0.853,0.599,0.612,0.661,0.727,0.893,0,0.581,0.427,0.469,0.561,0.604,0.851,0.81,0.613,0.451,0.647,0,0.673,0.386,0.637,0.911,0.911,0.911,0.739,0.739,0.645,0.492,0.754,0.631,0.804,0.626,0.472,0.545,0.741,0.493,0.646,0.5,0.922,0.667,0.781,0.48,0.588,0.776,0.682,0.537,0.212,0.621,0.542,0.546,0.542,0.624,0.632,0.303,0.514,0.616,0.678,0.612,0.664,0.627,0.88,0.511,0.604,0.615,0.629,0.69,0.427,0.533,0.53,0,0.556,0.676,0.599,0.572,0.533,0.52,0.616,0.798,0.777,0.702,0.582,0.661,0,0.535,0.647,0.504,0.393,0.474,0.563,0,0.517,0.525,0.462,0.57,0.531,0.682,0.531,0.682,0.554,0.557,0.69,0.682,0.682,0.687,0.506,0.682,0.526,0.679,0.649,0.552,0.531,0.533,0.489,0.557,0.427,0,0,0.523,0.921,0.628,0.583,0.768,0.508,0.622,0.517,0,0.505
"CCDC8",0.457,0.719,0,0,0,0,0.872,0,0,0,0,0,0,0,0,0,0,0,0,0,0.527,0,0,0,0.719,0,0,0,0,0,0,0,0.872,0,0,0,0,0,0.9,0,0,0.627,0,0.427,0.457,0,0.829,0,0.675,0,0,0,0,0,0,0,0,0.427,0,0,0,0,0.824,0,0.807,0,0.807,0,0,0,0.883,0,0.658,0,0,0.212,0.853,0.427,0,0.212,0,0.643,0,0,0,0,0,0,0.457,0,0,0,0.824,0,0,0.846,0.931,0,0.533,0,0,0,0,0,0,0,0,0,0,0,0,0.731,0.731,0.731,0.762,0.731,0.731,0.731,0.762,0.731,0.762,0.731,0.762,0.807,0,0.853,0,0,0,0.675,0.893,0,0,0.427,0,0,0,0.776,0.708,0,0,0,0,0,0,0,0.853,0.853,0.853,0.457,0.457,0,0.643,0.694,0,0.675,0.643,0.212,0,0.427,0,0.343,0,0.872,0,0.572,0,0.427,0.776,0.212,0,0.212,0,0,0,0,0,0,0,0,0,0.457,0,0.427,0,0.888,0,0,0,0,0.643,0.427,0,0,0,0,0.829,0,0,0,0.52,0,0.675,0.427,0.212,0,0,0,0,0.212,0,0.689,0,0,0,0,0,0,0,0,0.643,0,0.643,0,0,0.643,0.643,0.643,0.643,0,0.643,0,0.643,0.643,0,0,0.533,0,0,0.427,0,0,0,0.866,0,0,0.719,0,0,0,0,0
"CCDC81",0.457,0.719,0,0,0,0,0.872,0,0,0,0,0,0,0,0,0,0,0,0,0,0.527,0,0,0,0.719,0,0,0,0,0,0,0,0.872,0,0,0,0,0,0.9,0,0,0.627,0,0.427,0.457,0,0.829,0,0.675,0,0,0,0,0,0,0,0,0.427,0,0,0,0,0.824,0,0.807,0,0.807,0,0,0,0.883,0,0.658,0,0,0.212,0.853,0.427,0,0.212,0,0.643,0,0,0,0,0,0,0.457,0,0,0,0.824,0,0,0.846,0.931,0,0.533,0,0,0,0,0,0,0,0,0,0,0,0,0.731,0.731,0.731,0.762,0.731,0.731,0.731,0.762,0.731,0.762,0.731,0.762,0.807,0,0.853,0,0,0,0.675,0.893,0,0,0.427,0,0,0,0.776,0.708,0,0,0,0,0,0,0,0.853,0.853,0.853,0.457,0.457,0,0.643,0.694,0,0.675,0.643,0.212,0,0.427,0,0.343,0,0.872,0,0.572,0,0.427,0.776,0.212,0,0.212,0,0,0,0,0,0,0,0,0,0.457,0,0.427,0,0.888,0,0,0,0,0.643,0.427,0,0,0,0,0.829,0,0,0,0.52,0,0.675,0.427,0.212,0,0,0,0,0.212,0,0.689,0,0,0,0,0,0,0,0,0.643,0,0.643,0,0,0.643,0.643,0.643,0.643,0,0.643,0,0.643,0.643,0,0,0.533,0,0,0.427,0,0,0,0.866,0,0,0.719,0,0,0,0,0
"CCL23",0.814,0.896,0.622,0.694,0.676,0.604,0.923,0.715,0.726,0.717,0.789,0.641,0.617,0.678,0.705,0.653,0.527,0.724,0.527,0.527,0,0.7,0.644,0.673,0.882,0.752,0.795,0.715,0.653,0.471,0.448,0.687,0.944,0.527,0.618,0.692,0.628,0.527,0.939,0.349,0.64,0.589,0.702,0.832,0.783,0.68,0.906,0.652,0.866,0.639,0.757,0.721,0.732,0.634,0.65,0.731,0.527,0.829,0.757,0.623,0.654,0.527,0.89,0.706,0.908,0.74,0.908,0.595,0.779,0.676,0.929,0.655,0.861,0.595,0.722,0.784,0.943,0.849,0.64,0.751,0.741,0.836,0.527,0.737,0.729,0.71,0.711,0.665,0.802,0.732,0.732,0.715,0.919,0.527,0.706,0.925,0.97,0.661,0.716,0.738,0.582,0.638,0.722,0.737,0.753,0.666,0.659,0.628,0.527,0.74,0.628,0.886,0.886,0.886,0.855,0.886,0.886,0.886,0.855,0.886,0.855,0.886,0.855,0.908,0.622,0.91,0.652,0.707,0.75,0.854,0.938,0.527,0.653,0.675,0.664,0.594,0.674,0.89,0.872,0.718,0.633,0.699,0.527,0.731,0.73,0.675,0.93,0.93,0.93,0.777,0.777,0.709,0.839,0.853,0.724,0.86,0.853,0.758,0.744,0.545,0.712,0.728,0.651,0.942,0.712,0.81,0.623,0.77,0.646,0.773,0.624,0.661,0.692,0.74,0.609,0.67,0.715,0.684,0.688,0.466,0.641,0.705,0.707,0.855,0.781,0.946,0.767,0.507,0.64,0.701,0.853,0.803,0.723,0.595,0.527,0.661,0.898,0.694,0.645,0.613,0.655,0.641,0.852,0.851,0.791,0.765,0.761,0.527,0.674,0.674,0.732,0.888,0.705,0.736,0.527,0.476,0.68,0.654,0.717,0.683,0.853,0.683,0.853,0.703,0.706,0.853,0.853,0.853,0.855,0.683,0.853,0.679,0.851,0.836,0.702,0.683,0.716,0.642,0.618,0.803,0.527,0.527,0.691,0.937,0.693,0.679,0.893,0.66,0.661,0.639,0.527,0.668
"CCR4",0.77,0.858,0.588,0.563,0.5,0.417,0.872,0.61,0.592,0.605,0.683,0.476,0.488,0.497,0.563,0.488,0,0.628,0,0,0.7,0,0.543,0.451,0.824,0.654,0.675,0.481,0.53,0.463,0.533,0.527,0.916,0,0.446,0.476,0.504,0,0.9,0.455,0.412,0.627,0.598,0.726,0.726,0.576,0.903,0.492,0.834,0.505,0.562,0.468,0.579,0.462,0.525,0.629,0,0.722,0.599,0.499,0.44,0,0.519,0.595,0.869,0.636,0.869,0.41,0.624,0.555,0.444,0.503,0.585,0.41,0.615,0.571,0.783,0.748,0.474,0.644,0.634,0.758,0,0.633,0.597,0.602,0.597,0.548,0.74,0.63,0.63,0.61,0.643,0,0.302,0.894,0.955,0.502,0.533,0.621,0.469,0.479,0.614,0.598,0.661,0.539,0.466,0.504,0,0.636,0.504,0.842,0.842,0.842,0.762,0.842,0.842,0.842,0.762,0.842,0.762,0.842,0.762,0.869,0.493,0.461,0.529,0.562,0.627,0.792,0.893,0,0.493,0.427,0.536,0.451,0.526,0.844,0.805,0.365,0.46,0.592,0,0.461,0.41,0.351,0.635,0.635,0.635,0.519,0.519,0.601,0.792,0.804,0.588,0.807,0.808,0.63,0.634,0.675,0.589,0.608,0.479,0.911,0.611,0.769,0.45,0.669,0.776,0.667,0.448,0.212,0.554,0.622,0.432,0.572,0.576,0.433,0.586,0.431,0.525,0.684,0.566,0.764,0.672,0.921,0.616,0.523,0.293,0.581,0.797,0.427,0.638,0.41,0,0.38,0.897,0.549,0.494,0.432,0.52,0.336,0.798,0.752,0.665,0.604,0.64,0,0.364,0.558,0.517,0.87,0.575,0.523,0,0.435,0.562,0.489,0.606,0.566,0.802,0.566,0.802,0.59,0.594,0.797,0.802,0.802,0.81,0.532,0.802,0.56,0.799,0.77,0.587,0.566,0.533,0.514,0.446,0.427,0,0,0.503,0.91,0.581,0.524,0.849,0.541,0.546,0.435,0,0.543
"CD1C",0.576,0.816,0.568,0.541,0.49,0.413,0.872,0.588,0.575,0.585,0.666,0.465,0.473,0.486,0.546,0.477,0,0.56,0,0,0.644,0.543,0,0.496,0.796,0.633,0.66,0.593,0.503,0.452,0.501,0.516,0.905,0,0.437,0.444,0.487,0,0.9,0.447,0.409,0.309,0.574,0.632,0.54,0.551,0.863,0.336,0.783,0.458,0.605,0.596,0.568,0.487,0.508,0.607,0,0.711,0.588,0.478,0.435,0,0.824,0.574,0.856,0.615,0.856,0.407,0.612,0.536,0.883,0.514,0.725,0.407,0.594,0.581,0.907,0.741,0.462,0.626,0.615,0.742,0,0.612,0.579,0.58,0.578,0.528,0.689,0.608,0.608,0.588,0.872,0,0.579,0.884,0.948,0.489,0.533,0.6,0.461,0.468,0.593,0.579,0.629,0.521,0.459,0.487,0,0.615,0.487,0.804,0.804,0.804,0.762,0.804,0.804,0.804,0.762,0.804,0.762,0.804,0.762,0.856,0.478,0.853,0.511,0.547,0.61,0.766,0.893,0,0.48,0.427,0.519,0.442,0.533,0.832,0.791,0.544,0.474,0.569,0,0.599,0.526,0.543,0.887,0.887,0.887,0.657,0.657,0.579,0.752,0.783,0.571,0.774,0.771,0.613,0.61,0.668,0.565,0.355,0.47,0.902,0.586,0.704,0.441,0.614,0.776,0.633,0.44,0.212,0.535,0.601,0.425,0.544,0.56,0.547,0.561,0.426,0.505,0.583,0.549,0.747,0.654,0.913,0.6,0.505,0.504,0.563,0.76,0.427,0.609,0.407,0,0.463,0.856,0.534,0.476,0.426,0.52,0.504,0.764,0.745,0.655,0.594,0.625,0,0.457,0.55,0.51,0.827,0.573,0.515,0,0.43,0.542,0.477,0.586,0.545,0.76,0.545,0.76,0.57,0.573,0.76,0.76,0.76,0.763,0.517,0.76,0.54,0.757,0.737,0.567,0.545,0.533,0.336,0.437,0.427,0,0,0.493,0.9,0.559,0.51,0.812,0.522,0.518,0.429,0,0.525
"CD8A",0.726,0.838,0.553,0.456,0.461,0.322,0.872,0.556,0.549,0.556,0.649,0.426,0.428,0.455,0.518,0.442,0,0.577,0,0,0.673,0.451,0.496,0,0.812,0.609,0.633,0.451,0.473,0.407,0.475,0.492,0.907,0,0.393,0.422,0.442,0,0.9,0.412,0.274,0.627,0.539,0.684,0.69,0.52,0.89,0.445,0.806,0.451,0.496,0.444,0.47,0.413,0.469,0.578,0,0.707,0.54,0.438,0.406,0,0.395,0.542,0.858,0.589,0.858,0.362,0.556,0.498,0.617,0.449,0.657,0.362,0.566,0.545,0.782,0.73,0.423,0.602,0.59,0.743,0,0.586,0.553,0.549,0.549,0.488,0.706,0.579,0.579,0.556,0.68,0,0.386,0.885,0.951,0.454,0.533,0.578,0.429,0.425,0.564,0.548,0.612,0.487,0.43,0.442,0,0.589,0.442,0.826,0.826,0.826,0.762,0.826,0.826,0.826,0.762,0.826,0.762,0.826,0.762,0.858,0.433,0.509,0.472,0.521,0.587,0.776,0.893,0,0.441,0.427,0.462,0.397,0.476,0.831,0.797,0.443,0.417,0.534,0,0.444,0.455,0.378,0.736,0.736,0.736,0.558,0.558,0.548,0.77,0.776,0.545,0.788,0.791,0.598,0.587,0.634,0.452,0.567,0.438,0.904,0.551,0.689,0.402,0.635,0.776,0.633,0.401,0.212,0.5,0.579,0.381,0.509,0.534,0.416,0.522,0.383,0.46,0.634,0.52,0.592,0.634,0.915,0.579,0.466,0.396,0.534,0.776,0.427,0.581,0.362,0,0.434,0.886,0.506,0.438,0.386,0.52,0.404,0.777,0.735,0.636,0.579,0.608,0,0.291,0.505,0.445,0.855,0.529,0.496,0,0.398,0.507,0.442,0.558,0.511,0.778,0.511,0.778,0.538,0.542,0.776,0.778,0.778,0.785,0.485,0.778,0.505,0.776,0.751,0.536,0.511,0.533,0.459,0.393,0.427,0,0,0.457,0.901,0.524,0.479,0.832,0.483,0.486,0.395,0,0.491
"CDO1",0.805,0.424,0.636,0.6,0.8,0.757,0.764,0.831,0.836,0.557,0.877,0.789,0.774,0.788,0.824,0.796,0.719,0.715,0.719,0.719,0.882,0.824,0.796,0.812,0,0.85,0.851,0.83,0.783,0.78,0.79,0.705,0.917,0.719,0.777,0.673,0.777,0.719,0.961,0.803,0.787,0.822,0.71,0.904,0.683,0.576,0.895,0.787,0.882,0.528,0.716,0.775,0.827,0.793,0.792,0.838,0.719,0.885,0.686,0.762,0.8,0.719,0.914,0.827,0.922,0.842,0.922,0.763,0.75,0.519,0.951,0.762,0.889,0.763,0.832,0.874,0.954,0.909,0.768,0.855,0.845,0.506,0.719,0.84,0.84,0.827,0.821,0.802,0.84,0.842,0.842,0.831,0.929,0.719,0.823,0.881,0.977,0.793,0.725,0.669,0.809,0.527,0.654,0.812,0.808,0.8,0.819,0.777,0.719,0.842,0.721,0.922,0.922,0.922,0.919,0.922,0.922,0.922,0.919,0.922,0.919,0.922,0.919,0.922,0.778,0.934,0.789,0.819,0.851,0.538,0.907,0.719,0.792,0.884,0.645,0.75,0.776,0.903,0.902,0.83,0.518,0.799,0.719,0.838,0.839,0.807,0.938,0.938,0.938,0.807,0.807,0.825,0.507,0.85,0.834,0.894,0.635,0.623,0.827,0.9,0.818,0.772,0.527,0.913,0.803,0.841,0.775,0.604,0.883,0.84,0.777,0.8,0.819,0.843,0.772,0.797,0.825,0.808,0.818,0.805,0.79,0.757,0.822,0.918,0.856,0.956,0.732,0.804,0.789,0.816,0.616,0.884,0.804,0.763,0.719,0.799,0.877,0.819,0.774,0.788,0.922,0.79,0.872,0.911,0.872,0.746,0.852,0.719,0.805,0.83,0.733,0.788,0.611,0.844,0.719,0.805,0.576,0.57,0.65,0.587,0.573,0.587,0.573,0.626,0.624,0.616,0.573,0.573,0.578,0.614,0.573,0.584,0.571,0.553,0.624,0.587,0.725,0.779,0.777,0.884,0.719,0.719,0.817,0.902,0.778,0.804,0.411,0.543,0.801,0.787,0.719,0.574
"CDX2",0.77,0.876,0.643,0.617,0.553,0.569,0.872,0.109,0.134,0.601,0.712,0.607,0.531,0.602,0.1,0.557,0,0.66,0,0,0.752,0.654,0.633,0.609,0.85,0,0.685,0.691,0.642,0.612,0.643,0.489,0.919,0,0.602,0.549,0.637,0,0.9,0.582,0.553,0.627,0.677,0.795,0.711,0.631,0.833,0.606,0.624,0.626,0.639,0.686,0.556,0.623,0.547,0.086,0,0.192,0.249,0.634,0.553,0,0.824,0.093,0.246,0.085,0.246,0.581,0.173,0.452,0.883,0.589,0.835,0.581,0.158,0.651,0.914,0.131,0.605,0.188,0.128,0.769,0,0.097,0.122,0.148,0.134,0.142,0.158,0.089,0.089,0.109,0.884,0,0.681,0.896,0.956,0.613,0.533,0.651,0.44,0.609,0.147,0.634,0.708,0.466,0.572,0.637,0,0.085,0.637,0.777,0.777,0.777,0.713,0.777,0.777,0.777,0.713,0.777,0.713,0.777,0.713,0.246,0.428,0.853,0.553,0.139,0.095,0.303,0.893,0,0.618,0.427,0.636,0.605,0.182,0.208,0.148,0.682,0.553,0.626,0,0.688,0.641,0.664,0.903,0.903,0.903,0.747,0.747,0.104,0.754,0.801,0.089,0.172,0.781,0.672,0.662,0.771,0.636,0.674,0.448,0.915,0.686,0.792,0.486,0.559,0.776,0.162,0.502,0.212,0.648,0.111,0.594,0.64,0.159,0.657,0.677,0.556,0.65,0.719,0.126,0.819,0.706,0.923,0.665,0.637,0.648,0.119,0.201,0.427,0.67,0.581,0,0.649,0.822,0.354,0.618,0.579,0.52,0.649,0.588,0.15,0.162,0.539,0.133,0,0.571,0.685,0.188,0.833,0.6,0.2,0,0.558,0.607,0.525,0.112,0.191,0.267,0.191,0.267,0.153,0.193,0.201,0.267,0.267,0.271,0.209,0.267,0.203,0.251,0.353,0.137,0.191,0.533,0.631,0.602,0.427,0,0,0.514,0.913,0.666,0.468,0.868,0.649,0.651,0.489,0,0.27
"CFTR",0.736,0.86,0.611,0.571,0.582,0.599,0.689,0.689,0.671,0.628,0.512,0.632,0.658,0.612,0.665,0.644,0,0.56,0,0,0.795,0.675,0.66,0.633,0.851,0.685,0,0.612,0.665,0.654,0.669,0.636,0.893,0,0.65,0.565,0.668,0,0.826,0.633,0.609,0.627,0.613,0.782,0.672,0.591,0.811,0.639,0.845,0.66,0.631,0.69,0.532,0.653,0.663,0.694,0,0.781,0.686,0.662,0.581,0,0.824,0.681,0.887,0.693,0.887,0.638,0.665,0.665,0.883,0.588,0.857,0.638,0.685,0.54,0.788,0.802,0.629,0.748,0.687,0.777,0,0.689,0.675,0.684,0.68,0.675,0.77,0.694,0.694,0.689,0.894,0,0.69,0.839,0.863,0.651,0.533,0.594,0.626,0.649,0.687,0.423,0.655,0.661,0.615,0.668,0,0.693,0.587,0.886,0.886,0.886,0.762,0.886,0.886,0.886,0.762,0.886,0.762,0.886,0.762,0.887,0.662,0.853,0.664,0.66,0.685,0.821,0,0,0.656,0.427,0.648,0.651,0.601,0.857,0.829,0.691,0.575,0.66,0,0.694,0.616,0.681,0.914,0.914,0.914,0.778,0.778,0.681,0.663,0.762,0.671,0.839,0.765,0.665,0.588,0.798,0.586,0.733,0.632,0.884,0.665,0.8,0.61,0.732,0.572,0.719,0.636,0.212,0.653,0.619,0.645,0.544,0.659,0.671,0.611,0.615,0.671,0.754,0.662,0.669,0.488,0.783,0.543,0.658,0.674,0.671,0.836,0.427,0.597,0.638,0,0.673,0.798,0.64,0.65,0.629,0.52,0.674,0.826,0.801,0.728,0.613,0.674,0,0.615,0.72,0.611,0.704,0.512,0.609,0,0.607,0.658,0.643,0.683,0.675,0.839,0.675,0.839,0.68,0.682,0.836,0.839,0.839,0.85,0.656,0.839,0.673,0.838,0.811,0.679,0.675,0.533,0.572,0.644,0.427,0,0,0.575,0.871,0.65,0.65,0.852,0.667,0.666,0.622,0,0.663
