"","ADAMTS20","ADCY4","AIP","ALX1","ALX4","ATG16L1","CA3","CCDC8","CDO1","CFTR","CMTM2","DEGS1","DGKI","DNASE2","DOC2A","DRD5","EOMES","ESRRG","EXOC1","FOXB2","FOXD2","FRZB","GATAD2B","GDNF","GFRA2","GHITM","GHSR","GNG4","GRHL3","GRIK3","HLF","HMGCL","HOXB2","HOXD10","HOXD12","HOXD4","HOXD8","HRH1","IFFO1","IMMP2L","KCNK2","LIMD2","LMX1A","LUC7L3","MAGI2","MAL2","MEGF11","MEOX2","MIR10B","MIR1197","MIR124-2","MIR129-2","MIR196A1","MIR196A2","MIR21","MIR495","MIR654","MKX","MNDA","MSX1","NEFM","NID2","NIPSNAP1","NKX2-4","NKX2-6","NPTX2","NSUN4","PCK1","PDE4B","PIGB","PODN","POU3F3","PRLHR","PTF1A","RUSC1","SAR1A","SCT","SNORD93","SUB1","SYTL1","TAC1","TMEM196","TRIM59","TUBB6","WNT3","ZC3H12D","ZFP42","ZNF781","ZSCAN18","ATP5G2","DBC1","EMID2","MARCH11","SFRS13A","WDR8"
"ADAMTS20",0,0.536,0.659,0.803,0.775,0.818,0.837,0.799,0.844,0.806,0.609,0.805,0.608,0.741,0.811,0.716,0.772,0.687,0.811,0.715,0.724,0.621,0.732,0.67,0.665,0.673,0.715,0.578,0.815,0.619,0.798,0.761,0.874,0.822,0.865,0.793,0.877,0.635,0.837,0.779,0.723,0.741,0.749,0.849,0.619,0.823,0.866,0.861,0.724,0.782,0.782,0.782,0.824,0.782,0.649,0.743,0.782,0.768,0.66,0.681,0.762,0.674,0.929,0.687,0.613,0.86,0.77,0.789,0.725,0.868,0.765,0.739,0.633,0.715,0.527,0.79,0.687,0.631,0.831,0.873,0.681,0.635,0.72,0.792,0.683,0.836,0.839,0.824,0.815,0.891,0.611,0.686,0.516,0.813,0.79
"ADCY4",0.536,0,0.643,0.822,0.864,0.874,0.834,0.835,0.848,0.837,0.358,0.82,0.453,0.766,0.817,0.66,0.871,0.566,0.853,0.819,0.818,0.732,0.755,0.772,0.545,0.829,0.753,0.343,0.839,0.539,0.837,0.846,0.914,0.851,0.878,0.87,0.863,0.536,0.855,0.84,0.63,0.891,0.821,0.891,0.594,0.848,0.88,0.888,0.753,0.82,0.82,0.82,0.827,0.82,0.77,0.838,0.82,0.842,0.728,0.796,0.895,0.808,0.939,0.786,0.821,0.823,0.859,0.823,0.656,0.863,0.736,0.83,0.453,0.717,0.902,0.868,0.67,0.785,0.801,0.878,0.608,0.711,0.717,0.828,0.806,0.864,0.842,0.766,0.783,0.756,0.714,0.73,0.901,0.856,0.868
"AIP",0.659,0.643,0,0.549,0.787,0.746,0.778,0.841,0.809,0.821,0.673,0.767,0.675,0.745,0.852,0.798,0.718,0.505,0.774,0.69,0.606,0.814,0.572,0.79,0.787,0.784,0.796,0.656,0.742,0.734,0.619,0.724,0.814,0.785,0.748,0.731,0.614,0.749,0.775,0.703,0.75,0.838,0.743,0.76,0.695,0.852,0.895,0.747,0.753,0.738,0.738,0.738,0.798,0.738,0.777,0.829,0.738,0.705,0.801,0.781,0.854,0.832,0.94,0.671,0.773,0.907,0.74,0.74,0.718,0.833,0.843,0.682,0.738,0.662,0.63,0.697,0.778,0.57,0.583,0.706,0.779,0.792,0.719,0.827,0.812,0.549,0.726,0.146,0.216,0.852,0.674,0.821,0.615,0.617,0.862
"ALX1",0.803,0.822,0.549,0,0.462,0.839,0.896,0.912,0.876,0.858,0.856,0.826,0.865,0.718,0.86,0.9,0.542,0.398,0.904,0.403,0.332,0.694,0.307,0.648,0.828,0.874,0.847,0.851,0.537,0.884,0.369,0.858,0.477,0.525,0.411,0.31,0.231,0.863,0.867,0.817,0.703,0.938,0.578,0.794,0.781,0.784,0.872,0.491,0.697,0.776,0.776,0.776,0.83,0.776,0.749,0.734,0.776,0.399,0.897,0.615,0.942,0.916,0.915,0.452,0.566,0.954,0.761,0.806,0.854,0.858,0.854,0.519,0.872,0.481,0.885,0.918,0.807,0.652,0.426,0.941,0.902,0.845,0.902,0.928,0.728,0.51,0.492,0.146,0.161,0.869,0.677,0.739,0.875,0.575,0.922
"ALX4",0.775,0.864,0.787,0.462,0,0.74,0.907,0.915,0.81,0.794,0.882,0.787,0.857,0.744,0.669,0.858,0.521,0.659,0.907,0.494,0.458,0.573,0.686,0.572,0.612,0.847,0.812,0.885,0.457,0.869,0.557,0.89,0.371,0.34,0.261,0.368,0.42,0.84,0.912,0.696,0.666,0.925,0.573,0.901,0.673,0.514,0.761,0.38,0.792,0.774,0.774,0.774,0.839,0.774,0.735,0.746,0.774,0.45,0.854,0.426,0.931,0.891,0.76,0.638,0.444,0.903,0.746,0.804,0.872,0.89,0.897,0.494,0.828,0.441,0.877,0.92,0.691,0.603,0.715,0.933,0.836,0.829,0.919,0.906,0.573,0.599,0.61,0.0610000000000001,0,0.928,0.702,0.783,0.863,0.766,0.926
"ATG16L1",0.818,0.874,0.746,0.839,0.74,0,0.724,0.862,0.796,0.787,0.861,0.758,0.849,0.8,0.791,0.85,0.683,0.851,0.566,0.798,0.794,0.78,0.836,0.74,0.802,0.817,0.822,0.877,0.712,0.862,0.813,0.802,0.721,0.789,0.778,0.779,0.814,0.856,0.845,0.656,0.785,0.626,0.705,0.879,0.752,0.626,0.861,0.785,0.853,0.86,0.86,0.86,0.88,0.86,0.805,0.845,0.86,0.781,0.84,0.706,0.664,0.85,0.899,0.801,0.724,0.928,0.796,0.827,0.862,0.803,0.896,0.716,0.853,0.71,0.619,0.75,0.706,0.79,0.861,0.789,0.842,0.88,0.749,0.845,0.776,0.698,0.8,0.738,0.753,0.901,0.809,0.759,0.577,0.836,0.845
"CA3",0.837,0.834,0.778,0.896,0.907,0.724,0,0.85,0.802,0.885,0.761,0.72,0.78,0.793,0.884,0.856,0.86,0.858,0.768,0.819,0.827,0.891,0.867,0.906,0.871,0.863,0.879,0.847,0.886,0.863,0.833,0.738,0.915,0.902,0.887,0.882,0.892,0.867,0.822,0.811,0.849,0.872,0.865,0.802,0.868,0.815,0.861,0.905,0.889,0.803,0.803,0.803,0.87,0.803,0.868,0.896,0.803,0.855,0.825,0.893,0.875,0.781,0.923,0.751,0.868,0.886,0.789,0.803,0.846,0.816,0.866,0.894,0.821,0.866,0.71,0.866,0.868,0.724,0.862,0.862,0.838,0.874,0.692,0.789,0.888,0.905,0.86,0.851,0.839,0.856,0.836,0.863,0.708,0.814,0.862
"CCDC8",0.799,0.835,0.841,0.912,0.915,0.862,0.85,0,0.927,0.891,0.806,0.85,0.834,0.872,0.86,0.89,0.88,0.875,0.784,0.846,0.859,0.862,0.791,0.887,0.864,0.818,0.883,0.767,0.877,0.854,0.878,0.732,0.929,0.888,0.914,0.896,0.929,0.864,0.842,0.856,0.883,0.585,0.835,0.869,0.851,0.828,0.868,0.925,0.895,0.873,0.873,0.873,0.867,0.873,0.881,0.867,0.873,0.872,0.879,0.877,0.593,0.761,0.929,0.812,0.871,0.896,0.891,0.91,0.892,0.928,0.82,0.903,0.845,0.89,0.889,0.712,0.885,0.893,0.841,0.864,0.864,0.804,0.901,0.341,0.888,0.941,0.865,0.908,0.909,0.906,0.839,0.838,0.888,0.881,0.594
"CDO1",0.844,0.848,0.809,0.876,0.81,0.796,0.802,0.927,0,0.763,0.809,0.778,0.84,0.809,0.865,0.747,0.799,0.813,0.847,0.853,0.851,0.85,0.896,0.832,0.874,0.901,0.727,0.894,0.782,0.875,0.83,0.741,0.826,0.854,0.827,0.849,0.86,0.74,0.895,0.796,0.801,0.939,0.802,0.9,0.828,0.796,0.909,0.839,0.857,0.878,0.878,0.878,0.843,0.878,0.85,0.87,0.878,0.845,0.797,0.807,0.945,0.895,0.928,0.798,0.837,0.944,0.819,0.629,0.817,0.858,0.93,0.847,0.866,0.775,0.744,0.904,0.797,0.751,0.887,0.895,0.759,0.928,0.825,0.91,0.818,0.824,0.851,0.795,0.795,0.884,0.832,0.929,0.732,0.86,0.934
"CFTR",0.806,0.837,0.821,0.858,0.794,0.787,0.885,0.891,0.763,0,0.834,0.863,0.827,0.873,0.697,0.739,0.792,0.817,0.695,0.816,0.817,0.779,0.874,0.736,0.837,0.769,0.724,0.853,0.772,0.661,0.85,0.881,0.823,0.807,0.846,0.828,0.874,0.756,0.848,0.747,0.709,0.835,0.809,0.94,0.727,0.725,0.857,0.834,0.836,0.827,0.827,0.827,0.864,0.827,0.777,0.807,0.827,0.827,0.813,0.702,0.835,0.845,0.857,0.805,0.767,0.92,0.887,0.683,0.752,0.923,0.881,0.74,0.803,0.772,0.835,0.739,0.714,0.85,0.925,0.748,0.774,0.871,0.901,0.87,0.737,0.909,0.841,0.864,0.867,0.829,0.767,0.745,0.836,0.807,0.891
"CMTM2",0.609,0.358,0.673,0.856,0.882,0.861,0.761,0.806,0.809,0.834,0,0.873,0.526,0.807,0.786,0.692,0.871,0.613,0.822,0.83,0.833,0.709,0.784,0.773,0.489,0.815,0.723,0.396,0.853,0.545,0.832,0.875,0.914,0.876,0.883,0.886,0.881,0.568,0.829,0.858,0.694,0.87,0.79,0.904,0.607,0.827,0.872,0.891,0.745,0.782,0.782,0.782,0.766,0.782,0.741,0.806,0.782,0.859,0.678,0.801,0.872,0.805,0.929,0.774,0.829,0.8,0.905,0.795,0.673,0.913,0.715,0.853,0.542,0.783,0.876,0.847,0.695,0.881,0.843,0.867,0.633,0.663,0.699,0.812,0.778,0.887,0.866,0.828,0.818,0.901,0.723,0.686,0.876,0.867,0.849
"DEGS1",0.805,0.82,0.767,0.826,0.787,0.758,0.72,0.85,0.778,0.863,0.873,0,0.774,0.797,0.825,0.866,0.793,0.831,0.826,0.775,0.778,0.839,0.82,0.818,0.812,0.832,0.891,0.872,0.784,0.884,0.8,0.67,0.779,0.826,0.761,0.797,0.806,0.894,0.844,0.717,0.849,0.813,0.789,0.818,0.834,0.328,0.868,0.808,0.842,0.836,0.836,0.836,0.886,0.836,0.88,0.863,0.836,0.773,0.905,0.82,0.834,0.806,0.926,0.767,0.797,0.924,0.826,0.828,0.884,0.687,0.89,0.817,0.846,0.764,0.767,0.813,0.85,0.77,0.804,0.887,0.875,0.883,0.859,0.818,0.84,0.773,0.798,0.775,0.774,0.828,0.836,0.88,0.755,0.823,0.841
"DGKI",0.608,0.453,0.675,0.865,0.857,0.849,0.78,0.834,0.84,0.827,0.526,0.774,0,0.772,0.744,0.646,0.855,0.672,0.851,0.843,0.847,0.74,0.811,0.782,0.637,0.821,0.749,0.513,0.817,0.492,0.865,0.736,0.902,0.848,0.868,0.875,0.887,0.537,0.851,0.808,0.698,0.891,0.833,0.865,0.638,0.821,0.872,0.888,0.785,0.82,0.82,0.82,0.835,0.82,0.767,0.841,0.82,0.86,0.748,0.802,0.895,0.803,0.885,0.811,0.824,0.75,0.832,0.796,0.732,0.84,0.768,0.844,0.564,0.771,0.807,0.866,0.655,0.764,0.852,0.873,0.614,0.736,0.727,0.823,0.797,0.912,0.853,0.86,0.854,0.886,0.733,0.73,0.797,0.852,0.864
"DNASE2",0.741,0.766,0.745,0.718,0.744,0.8,0.793,0.872,0.809,0.873,0.807,0.797,0.772,0,0.852,0.848,0.656,0.72,0.87,0.675,0.67,0.764,0.732,0.78,0.784,0.867,0.851,0.796,0.735,0.826,0.701,0.791,0.772,0.784,0.714,0.731,0.72,0.832,0.701,0.772,0.772,0.88,0.741,0.65,0.791,0.777,0.88,0.765,0.831,0.805,0.805,0.805,0.871,0.805,0.806,0.808,0.805,0.667,0.753,0.769,0.897,0.862,0.931,0.665,0.732,0.935,0.481,0.828,0.765,0.844,0.861,0.763,0.82,0.675,0.626,0.887,0.804,0.31,0.649,0.91,0.849,0.838,0.738,0.866,0.796,0.728,0.759,0.603,0.587,0.859,0.723,0.846,0.613,0.644,0.88
"DOC2A",0.811,0.817,0.852,0.86,0.669,0.791,0.884,0.86,0.865,0.697,0.786,0.825,0.744,0.852,0,0.765,0.729,0.862,0.605,0.796,0.809,0.713,0.879,0.665,0.657,0.818,0.814,0.81,0.709,0.657,0.842,0.897,0.626,0.732,0.716,0.751,0.84,0.7,0.876,0.761,0.766,0.89,0.696,0.938,0.693,0.336,0.827,0.751,0.842,0.885,0.885,0.885,0.881,0.885,0.847,0.819,0.885,0.765,0.893,0.715,0.894,0.835,0.849,0.821,0.712,0.608,0.922,0.899,0.873,0.936,0.853,0.734,0.805,0.681,0.9,0.732,0.679,0.902,0.919,0.534,0.694,0.847,0.907,0.847,0.737,0.935,0.792,0.92,0.923,0.863,0.85,0.843,0.899,0.84,0.87
"DRD5",0.716,0.66,0.798,0.9,0.858,0.85,0.856,0.89,0.747,0.739,0.692,0.866,0.646,0.848,0.765,0,0.84,0.744,0.869,0.871,0.87,0.791,0.872,0.754,0.79,0.843,0.647,0.709,0.803,0.601,0.856,0.887,0.9,0.801,0.875,0.889,0.916,0.414,0.899,0.722,0.655,0.862,0.781,0.931,0.696,0.783,0.906,0.894,0.824,0.787,0.787,0.787,0.852,0.787,0.76,0.862,0.787,0.891,0.81,0.789,0.864,0.846,0.609,0.789,0.837,0.686,0.778,0.705,0.7,0.907,0.852,0.833,0.651,0.782,0.681,0.893,0.674,0.703,0.912,0.909,0.54,0.827,0.825,0.871,0.786,0.889,0.871,0.845,0.832,0.938,0.705,0.793,0.681,0.887,0.901
"EOMES",0.772,0.871,0.718,0.542,0.521,0.683,0.86,0.88,0.799,0.792,0.871,0.793,0.855,0.656,0.729,0.84,0,0.68,0.862,0.517,0.491,0.686,0.558,0.594,0.708,0.867,0.794,0.887,0.481,0.884,0.516,0.823,0.513,0.535,0.536,0.527,0.539,0.866,0.857,0.637,0.678,0.692,0.468,0.84,0.699,0.583,0.814,0.53,0.783,0.59,0.59,0.59,0.822,0.59,0.731,0.762,0.59,0.518,0.885,0.528,0.709,0.857,0.747,0.553,0.525,0.924,0.509,0.707,0.823,0.88,0.881,0.515,0.85,0.441,0.7,0.868,0.689,0.47,0.692,0.913,0.844,0.876,0.87,0.869,0.566,0.549,0.624,0.0610000000000001,0,0.906,0.689,0.865,0.682,0.701,0.884
"ESRRG",0.687,0.566,0.505,0.398,0.659,0.851,0.858,0.875,0.813,0.817,0.613,0.831,0.672,0.72,0.862,0.744,0.68,0,0.86,0.503,0.433,0.778,0.463,0.717,0.718,0.828,0.731,0.634,0.626,0.678,0.441,0.836,0.704,0.666,0.551,0.593,0.429,0.641,0.846,0.836,0.674,0.908,0.655,0.791,0.664,0.866,0.916,0.603,0.694,0.754,0.754,0.754,0.791,0.754,0.743,0.783,0.754,0.51,0.8,0.716,0.913,0.869,0.899,0.485,0.672,0.892,0.733,0.713,0.708,0.842,0.805,0.592,0.653,0.484,0.865,0.896,0.72,0.603,0.424,0.916,0.728,0.778,0.811,0.886,0.791,0.563,0.547,0,0,0.864,0.619,0.766,0.853,0.572,0.904
"EXOC1",0.811,0.853,0.774,0.904,0.907,0.566,0.768,0.784,0.847,0.695,0.822,0.826,0.851,0.87,0.605,0.869,0.862,0.86,0,0.84,0.841,0.869,0.827,0.85,0.888,0.758,0.834,0.832,0.886,0.796,0.855,0.817,0.924,0.891,0.905,0.885,0.919,0.846,0.814,0.828,0.834,0.721,0.839,0.9,0.797,0.846,0.88,0.914,0.89,0.847,0.847,0.847,0.891,0.847,0.843,0.852,0.847,0.864,0.833,0.876,0.742,0.788,0.938,0.796,0.862,0.911,0.9,0.88,0.854,0.917,0.859,0.84,0.851,0.871,0.9,0.548,0.812,0.881,0.883,0.484,0.831,0.843,0.829,0.74,0.883,0.82,0.841,0.813,0.819,0.844,0.807,0.828,0.894,0.788,0.767
"FOXB2",0.715,0.819,0.69,0.403,0.494,0.798,0.819,0.846,0.853,0.816,0.83,0.775,0.843,0.675,0.796,0.871,0.517,0.503,0.84,0,0.023,0.681,0.428,0.687,0.742,0.849,0.871,0.846,0.528,0.845,0.368,0.815,0.496,0.551,0.411,0.391,0.365,0.862,0.822,0.769,0.742,0.862,0.545,0.795,0.772,0.646,0.724,0.455,0.766,0.774,0.774,0.774,0.814,0.774,0.805,0.771,0.774,0.265,0.872,0.585,0.864,0.775,0.887,0.206,0.533,0.882,0.746,0.814,0.856,0.831,0.851,0.595,0.829,0.41,0.869,0.858,0.83,0.603,0.489,0.865,0.842,0.861,0.892,0.789,0.589,0.619,0.53,0.0610000000000001,0,0.847,0.719,0.853,0.863,0.635,0.859
"FOXD2",0.724,0.818,0.606,0.332,0.458,0.794,0.827,0.859,0.851,0.817,0.833,0.778,0.847,0.67,0.809,0.87,0.491,0.433,0.841,0.023,0,0.69,0.379,0.666,0.768,0.835,0.867,0.851,0.492,0.849,0.302,0.813,0.449,0.514,0.38,0.329,0.306,0.863,0.821,0.77,0.726,0.862,0.508,0.781,0.762,0.646,0.762,0.407,0.755,0.774,0.774,0.774,0.816,0.774,0.798,0.766,0.774,0.25,0.874,0.57,0.864,0.796,0.887,0.199,0.502,0.898,0.746,0.788,0.85,0.829,0.856,0.55,0.835,0.379,0.869,0.863,0.828,0.603,0.436,0.878,0.846,0.863,0.891,0.814,0.589,0.599,0.484,0.0610000000000001,0,0.844,0.699,0.853,0.863,0.598,0.87
"FRZB",0.621,0.732,0.814,0.694,0.573,0.78,0.891,0.862,0.85,0.779,0.709,0.839,0.74,0.764,0.713,0.791,0.686,0.778,0.869,0.681,0.69,0,0.738,0.54,0.617,0.801,0.743,0.641,0.617,0.729,0.751,0.903,0.659,0.654,0.665,0.647,0.737,0.739,0.911,0.746,0.643,0.813,0.626,0.941,0.527,0.514,0.805,0.66,0.772,0.769,0.769,0.769,0.818,0.769,0.605,0.654,0.769,0.645,0.752,0.515,0.83,0.846,0.849,0.73,0.531,0.883,0.915,0.797,0.789,0.938,0.714,0.667,0.736,0.613,0.903,0.869,0.65,0.904,0.868,0.904,0.756,0.478,0.803,0.867,0.549,0.861,0.782,0.861,0.855,0.938,0.619,0.698,0.901,0.894,0.876
"GATAD2B",0.732,0.755,0.572,0.307,0.686,0.836,0.867,0.791,0.896,0.874,0.784,0.82,0.811,0.732,0.879,0.872,0.558,0.463,0.827,0.428,0.379,0.738,0,0.709,0.84,0.826,0.845,0.767,0.661,0.818,0.455,0.771,0.713,0.68,0.61,0.519,0.449,0.833,0.854,0.842,0.73,0.692,0.598,0.802,0.774,0.831,0.904,0.637,0.737,0.776,0.776,0.776,0.835,0.776,0.768,0.739,0.776,0.476,0.873,0.714,0.709,0.825,0.95,0.417,0.639,0.94,0.761,0.827,0.838,0.862,0.784,0.595,0.817,0.559,0.885,0.796,0.836,0.656,0.451,0.907,0.862,0.778,0.879,0.805,0.731,0.51,0.602,0.146,0.192,0.867,0.653,0.757,0.875,0.609,0.811
"GDNF",0.67,0.772,0.79,0.648,0.572,0.74,0.906,0.887,0.832,0.736,0.773,0.818,0.782,0.78,0.665,0.754,0.594,0.717,0.85,0.687,0.666,0.54,0.709,0,0.617,0.812,0.643,0.788,0.572,0.77,0.722,0.888,0.605,0.597,0.667,0.628,0.676,0.733,0.913,0.716,0.669,0.762,0.541,0.923,0.539,0.336,0.82,0.679,0.758,0.406,0.406,0.406,0.816,0.406,0.55,0.692,0.406,0.655,0.816,0.502,0.782,0.876,0.814,0.738,0.506,0.894,0.774,0.754,0.755,0.924,0.836,0.481,0.765,0.553,0.815,0.849,0.625,0.632,0.824,0.908,0.772,0.786,0.868,0.891,0.556,0.398,0.753,0.192,0.161,0.936,0.699,0.565,0.81,0.835,0.878
"GFRA2",0.665,0.545,0.787,0.828,0.612,0.802,0.871,0.864,0.874,0.837,0.489,0.812,0.637,0.784,0.657,0.79,0.708,0.718,0.888,0.742,0.768,0.617,0.84,0.617,0,0.88,0.782,0.543,0.67,0.636,0.806,0.911,0.552,0.691,0.617,0.69,0.787,0.671,0.901,0.731,0.672,0.921,0.652,0.946,0.571,0.336,0.781,0.702,0.727,0.874,0.874,0.874,0.835,0.874,0.791,0.831,0.874,0.69,0.791,0.67,0.928,0.835,0.849,0.785,0.68,0.84,0.947,0.87,0.81,0.933,0.788,0.712,0.605,0.59,0.94,0.896,0.645,0.934,0.912,0.897,0.71,0.764,0.823,0.846,0.684,0.944,0.749,0.902,0.903,0.939,0.791,0.793,0.937,0.921,0.894
"GHITM",0.673,0.829,0.784,0.874,0.847,0.817,0.863,0.818,0.901,0.769,0.815,0.832,0.821,0.867,0.818,0.843,0.867,0.828,0.758,0.849,0.835,0.801,0.826,0.812,0.88,0,0.847,0.796,0.875,0.71,0.843,0.789,0.912,0.88,0.905,0.878,0.903,0.846,0.885,0.817,0.717,0.734,0.845,0.922,0.769,0.826,0.896,0.898,0.856,0.852,0.852,0.852,0.891,0.852,0.764,0.825,0.852,0.873,0.827,0.822,0.753,0.813,0.929,0.795,0.764,0.924,0.892,0.889,0.77,0.922,0.845,0.783,0.834,0.851,0.889,0.725,0.836,0.876,0.852,0.809,0.822,0.755,0.871,0.805,0.862,0.797,0.865,0.803,0.806,0.58,0.746,0.751,0.885,0.818,0.829
"GHSR",0.715,0.753,0.796,0.847,0.812,0.822,0.879,0.883,0.727,0.724,0.723,0.891,0.749,0.851,0.814,0.647,0.794,0.731,0.834,0.871,0.867,0.743,0.845,0.643,0.782,0.847,0,0.753,0.783,0.725,0.862,0.892,0.866,0.785,0.865,0.876,0.889,0.611,0.915,0.773,0.713,0.369,0.737,0.941,0.666,0.735,0.911,0.846,0.768,0.612,0.612,0.612,0.805,0.612,0.604,0.756,0.612,0.878,0.797,0.688,0.625,0.882,0.594,0.832,0.763,0.859,0.867,0.664,0.705,0.93,0.845,0.763,0.711,0.759,0.865,0.855,0.618,0.795,0.893,0.888,0.679,0.811,0.845,0.89,0.702,0.779,0.858,0.763,0.779,0.941,0.748,0.73,0.859,0.887,0.897
"GNG4",0.578,0.343,0.656,0.851,0.885,0.877,0.847,0.767,0.894,0.853,0.396,0.872,0.513,0.796,0.81,0.709,0.887,0.634,0.832,0.846,0.851,0.641,0.767,0.788,0.543,0.796,0.753,0,0.861,0.554,0.869,0.86,0.925,0.859,0.895,0.894,0.882,0.539,0.856,0.861,0.674,0.813,0.775,0.899,0.603,0.848,0.876,0.896,0.731,0.815,0.815,0.815,0.766,0.815,0.749,0.8,0.815,0.868,0.715,0.78,0.83,0.798,0.939,0.823,0.83,0.825,0.915,0.848,0.716,0.933,0.64,0.851,0.467,0.788,0.902,0.817,0.711,0.903,0.802,0.871,0.622,0.453,0.694,0.797,0.794,0.873,0.87,0.86,0.854,0.911,0.672,0.73,0.901,0.869,0.801
"GRHL3",0.815,0.839,0.742,0.537,0.457,0.712,0.886,0.877,0.782,0.772,0.853,0.784,0.817,0.735,0.709,0.803,0.481,0.626,0.886,0.528,0.492,0.617,0.661,0.572,0.67,0.875,0.783,0.861,0,0.851,0.576,0.843,0.411,0.52,0.467,0.511,0.503,0.819,0.887,0.677,0.628,0.605,0.529,0.854,0.657,0.429,0.777,0.499,0.774,0.558,0.558,0.558,0.81,0.558,0.724,0.763,0.558,0.54,0.865,0.538,0.753,0.89,0.76,0.63,0.546,0.918,0.642,0.749,0.802,0.872,0.892,0.476,0.822,0.386,0.804,0.884,0.696,0.442,0.649,0.934,0.815,0.862,0.881,0.882,0.621,0.599,0.63,0.0610000000000001,0,0.913,0.689,0.785,0.787,0.726,0.895
"GRIK3",0.619,0.539,0.734,0.884,0.869,0.862,0.863,0.854,0.875,0.661,0.545,0.884,0.492,0.826,0.657,0.601,0.884,0.678,0.796,0.845,0.849,0.729,0.818,0.77,0.636,0.71,0.725,0.554,0.851,0,0.847,0.889,0.911,0.845,0.896,0.888,0.915,0.477,0.876,0.852,0.558,0.879,0.83,0.935,0.623,0.828,0.882,0.901,0.761,0.85,0.85,0.85,0.86,0.85,0.783,0.847,0.85,0.877,0.771,0.784,0.883,0.811,0.907,0.764,0.827,0.688,0.917,0.844,0.716,0.917,0.771,0.775,0.533,0.756,0.889,0.823,0.595,0.893,0.888,0.833,0.587,0.734,0.784,0.836,0.794,0.917,0.863,0.884,0.882,0.827,0.681,0.766,0.888,0.868,0.876
"HLF",0.798,0.837,0.619,0.369,0.557,0.813,0.833,0.878,0.83,0.85,0.832,0.8,0.865,0.701,0.842,0.856,0.516,0.441,0.855,0.368,0.302,0.751,0.455,0.722,0.806,0.843,0.862,0.869,0.576,0.847,0,0.815,0.601,0.558,0.461,0.477,0.366,0.858,0.832,0.789,0.733,0.887,0.55,0.784,0.802,0.732,0.851,0.449,0.794,0.774,0.774,0.774,0.85,0.774,0.825,0.812,0.774,0.333,0.876,0.68,0.882,0.825,0.813,0.264,0.567,0.892,0.746,0.781,0.856,0.812,0.874,0.567,0.814,0.468,0.872,0.881,0.823,0.603,0.44,0.898,0.837,0.882,0.889,0.842,0.754,0.599,0.499,0.0610000000000001,0,0.85,0.63,0.865,0.863,0.604,0.885
"HMGCL",0.761,0.846,0.724,0.858,0.89,0.802,0.738,0.732,0.741,0.881,0.875,0.67,0.736,0.791,0.897,0.887,0.823,0.836,0.817,0.815,0.813,0.903,0.771,0.888,0.911,0.789,0.892,0.86,0.843,0.889,0.815,0,0.898,0.888,0.862,0.869,0.856,0.901,0.823,0.773,0.887,0.623,0.831,0.763,0.886,0.856,0.89,0.883,0.876,0.786,0.786,0.786,0.866,0.786,0.889,0.896,0.786,0.835,0.91,0.883,0.635,0.784,0.917,0.755,0.873,0.919,0.775,0.821,0.877,0.791,0.895,0.872,0.83,0.842,0.661,0.744,0.86,0.656,0.774,0.892,0.882,0.878,0.836,0.727,0.873,0.859,0.844,0.778,0.775,0.845,0.785,0.896,0.662,0.78,0.747
"HOXB2",0.874,0.914,0.814,0.477,0.371,0.721,0.915,0.929,0.826,0.823,0.914,0.779,0.902,0.772,0.626,0.9,0.513,0.704,0.924,0.496,0.449,0.659,0.713,0.605,0.552,0.912,0.866,0.925,0.411,0.911,0.601,0.898,0,0.472,0.409,0.333,0.432,0.892,0.921,0.664,0.707,0.94,0.538,0.912,0.68,0.336,0.759,0.485,0.824,0.825,0.825,0.825,0.865,0.825,0.822,0.819,0.825,0.512,0.928,0.575,0.941,0.898,0.847,0.655,0.565,0.912,0.774,0.832,0.901,0.89,0.93,0.521,0.863,0.429,0.897,0.93,0.7,0.652,0.744,0.939,0.873,0.926,0.935,0.912,0.634,0.599,0.651,0.192,0.161,0.936,0.798,0.865,0.885,0.799,0.931
"HOXD10",0.822,0.851,0.785,0.525,0.34,0.789,0.902,0.888,0.854,0.807,0.876,0.826,0.848,0.784,0.732,0.801,0.535,0.666,0.891,0.551,0.514,0.654,0.68,0.597,0.691,0.88,0.785,0.859,0.52,0.845,0.558,0.888,0.472,0,0.421,0.44,0.5,0.801,0.893,0.709,0.699,0.892,0.5,0.903,0.677,0.657,0.815,0.465,0.827,0.769,0.769,0.769,0.854,0.769,0.735,0.773,0.769,0.544,0.893,0.518,0.896,0.877,0.473,0.616,0.582,0.872,0.746,0.809,0.851,0.895,0.854,0.585,0.781,0.502,0.877,0.906,0.745,0.603,0.711,0.924,0.785,0.828,0.902,0.875,0.553,0.599,0.647,0.0610000000000001,0,0.925,0.711,0.732,0.863,0.767,0.912
"HOXD12",0.865,0.878,0.748,0.411,0.261,0.778,0.887,0.914,0.827,0.846,0.883,0.761,0.868,0.714,0.716,0.875,0.536,0.551,0.905,0.411,0.38,0.665,0.61,0.667,0.617,0.905,0.865,0.895,0.467,0.896,0.461,0.862,0.409,0.421,0,0.393,0.301,0.859,0.887,0.712,0.707,0.932,0.579,0.839,0.756,0.514,0.752,0.412,0.773,0.774,0.774,0.774,0.828,0.774,0.826,0.793,0.774,0.382,0.922,0.573,0.932,0.89,0.76,0.528,0.582,0.876,0.746,0.843,0.886,0.856,0.904,0.548,0.835,0.437,0.877,0.925,0.769,0.603,0.555,0.931,0.849,0.905,0.915,0.9,0.646,0.619,0.519,0.0610000000000001,0,0.899,0.764,0.893,0.863,0.682,0.928
"HOXD4",0.793,0.87,0.731,0.31,0.368,0.779,0.882,0.896,0.849,0.828,0.886,0.797,0.875,0.731,0.751,0.889,0.527,0.593,0.885,0.391,0.329,0.647,0.519,0.628,0.69,0.878,0.876,0.894,0.511,0.888,0.477,0.869,0.333,0.44,0.393,0,0.341,0.874,0.882,0.732,0.728,0.891,0.578,0.87,0.756,0.605,0.758,0.483,0.818,0.825,0.825,0.825,0.859,0.825,0.827,0.817,0.825,0.38,0.908,0.565,0.896,0.843,0.847,0.467,0.497,0.899,0.774,0.825,0.878,0.88,0.901,0.563,0.856,0.447,0.897,0.895,0.749,0.652,0.623,0.908,0.855,0.9,0.927,0.861,0.638,0.599,0.566,0.192,0.161,0.903,0.777,0.865,0.885,0.731,0.902
"HOXD8",0.877,0.863,0.614,0.231,0.42,0.814,0.892,0.929,0.86,0.874,0.881,0.806,0.887,0.72,0.84,0.916,0.539,0.429,0.919,0.365,0.306,0.737,0.449,0.676,0.787,0.903,0.889,0.882,0.503,0.915,0.366,0.856,0.432,0.5,0.301,0.341,0,0.899,0.88,0.783,0.716,0.964,0.579,0.794,0.792,0.672,0.823,0.422,0.749,0.774,0.774,0.774,0.843,0.774,0.827,0.785,0.774,0.351,0.936,0.591,0.966,0.927,0.893,0.457,0.579,0.947,0.746,0.83,0.894,0.858,0.882,0.516,0.877,0.431,0.877,0.945,0.816,0.603,0.416,0.95,0.907,0.882,0.913,0.936,0.733,0.565,0.449,0.0610000000000001,0,0.883,0.721,0.865,0.863,0.591,0.948
"HRH1",0.635,0.536,0.749,0.863,0.84,0.856,0.867,0.864,0.74,0.756,0.568,0.894,0.537,0.832,0.7,0.414,0.866,0.641,0.846,0.862,0.863,0.739,0.833,0.733,0.671,0.846,0.611,0.539,0.819,0.477,0.858,0.901,0.892,0.801,0.859,0.874,0.899,0,0.886,0.771,0.55,0.891,0.738,0.94,0.624,0.848,0.891,0.884,0.782,0.82,0.82,0.82,0.825,0.82,0.736,0.85,0.82,0.874,0.702,0.78,0.895,0.837,0.652,0.791,0.823,0.578,0.923,0.747,0.663,0.923,0.807,0.829,0.517,0.754,0.902,0.882,0.591,0.903,0.897,0.898,0.429,0.773,0.765,0.859,0.783,0.9,0.87,0.86,0.854,0.932,0.708,0.73,0.901,0.901,0.886
"IFFO1",0.837,0.855,0.775,0.867,0.912,0.845,0.822,0.842,0.895,0.848,0.829,0.844,0.851,0.701,0.876,0.899,0.857,0.846,0.814,0.822,0.821,0.911,0.854,0.913,0.901,0.885,0.915,0.856,0.887,0.876,0.832,0.823,0.921,0.893,0.887,0.882,0.88,0.886,0,0.829,0.859,0.904,0.885,0.783,0.834,0.859,0.889,0.904,0.898,0.891,0.891,0.891,0.912,0.891,0.906,0.901,0.891,0.844,0.823,0.874,0.909,0.814,0.944,0.78,0.881,0.924,0.706,0.886,0.89,0.891,0.88,0.886,0.864,0.858,0.823,0.792,0.9,0.553,0.788,0.757,0.868,0.89,0.89,0.768,0.901,0.857,0.816,0.775,0.785,0.876,0.787,0.893,0.803,0.748,0.871
"IMMP2L",0.779,0.84,0.703,0.817,0.696,0.656,0.811,0.856,0.796,0.747,0.858,0.717,0.808,0.772,0.761,0.722,0.637,0.836,0.828,0.769,0.77,0.746,0.842,0.716,0.731,0.817,0.773,0.861,0.677,0.852,0.789,0.773,0.664,0.709,0.712,0.732,0.783,0.771,0.829,0,0.722,0.592,0.679,0.832,0.736,0.583,0.83,0.743,0.826,0.826,0.826,0.826,0.841,0.826,0.793,0.823,0.826,0.737,0.792,0.695,0.634,0.836,0.681,0.77,0.71,0.889,0.703,0.772,0.838,0.845,0.908,0.716,0.752,0.652,0.579,0.769,0.716,0.611,0.861,0.836,0.734,0.892,0.84,0.832,0.691,0.72,0.648,0.749,0.751,0.914,0.722,0.88,0.557,0.794,0.851
"KCNK2",0.723,0.63,0.75,0.703,0.666,0.785,0.849,0.883,0.801,0.709,0.694,0.849,0.698,0.772,0.766,0.655,0.678,0.674,0.834,0.742,0.726,0.643,0.73,0.669,0.672,0.717,0.713,0.674,0.628,0.558,0.733,0.887,0.707,0.699,0.707,0.728,0.716,0.55,0.859,0.722,0,0.891,0.638,0.912,0.638,0.657,0.849,0.718,0.764,0.817,0.817,0.817,0.828,0.817,0.691,0.778,0.817,0.723,0.741,0.615,0.895,0.856,0.652,0.724,0.658,0.821,0.777,0.719,0.725,0.893,0.817,0.659,0.646,0.593,0.879,0.864,0.657,0.717,0.771,0.885,0.646,0.784,0.816,0.875,0.724,0.517,0.756,0.405,0.443,0.815,0.639,0.712,0.869,0.799,0.892
"LIMD2",0.741,0.891,0.838,0.938,0.925,0.626,0.872,0.585,0.939,0.835,0.87,0.813,0.891,0.88,0.89,0.862,0.692,0.908,0.721,0.862,0.862,0.813,0.692,0.762,0.921,0.734,0.369,0.813,0.605,0.879,0.887,0.623,0.94,0.892,0.932,0.891,0.964,0.891,0.904,0.592,0.891,0,0.721,0.749,0.866,0.9,0.891,0.94,0.929,0.929,0.929,0.929,0.792,0.929,0.507,0.929,0.929,0.88,0.896,0.813,0.496,0.778,0.962,0.832,0.854,0.931,0.881,0.919,0.895,0.94,0.892,0.892,0.891,0.887,0.949,0.623,0.826,0.943,0.826,0.89,0.851,0.813,0.947,0.585,0.854,0.978,0.859,0.965,0.965,0.934,0.761,0.921,0.947,0.749,0.655
"LMX1A",0.749,0.821,0.743,0.578,0.573,0.705,0.865,0.835,0.802,0.809,0.79,0.789,0.833,0.741,0.696,0.781,0.468,0.655,0.839,0.545,0.508,0.626,0.598,0.541,0.652,0.845,0.737,0.775,0.529,0.83,0.55,0.831,0.538,0.5,0.579,0.578,0.579,0.738,0.885,0.679,0.638,0.721,0,0.879,0.668,0.593,0.831,0.613,0.818,0.774,0.774,0.774,0.826,0.774,0.744,0.764,0.774,0.537,0.859,0.578,0.742,0.825,0.652,0.526,0.548,0.838,0.746,0.747,0.822,0.888,0.846,0.538,0.772,0.403,0.877,0.818,0.666,0.603,0.683,0.902,0.805,0.78,0.89,0.836,0.553,0.599,0.664,0.0610000000000001,0,0.909,0.677,0.735,0.863,0.75,0.819
"LUC7L3",0.849,0.891,0.76,0.794,0.901,0.879,0.802,0.869,0.9,0.94,0.904,0.818,0.865,0.65,0.938,0.931,0.84,0.791,0.9,0.795,0.781,0.941,0.802,0.923,0.946,0.922,0.941,0.899,0.854,0.935,0.784,0.763,0.912,0.903,0.839,0.87,0.794,0.94,0.783,0.832,0.912,0.749,0.879,0,0.92,0.915,0.927,0.877,0.896,0.787,0.787,0.787,0.876,0.787,0.926,0.89,0.787,0.806,0.947,0.906,0.788,0.862,0.965,0.774,0.898,0.954,0.512,0.915,0.92,0.873,0.921,0.87,0.895,0.83,0.8,0.875,0.935,0.088,0.683,0.918,0.932,0.917,0.892,0.853,0.901,0.788,0.833,0.671,0.671,0.876,0.76,0.934,0.783,0.331,0.843
"MAGI2",0.619,0.594,0.695,0.781,0.673,0.752,0.868,0.851,0.828,0.727,0.607,0.834,0.638,0.791,0.693,0.696,0.699,0.664,0.797,0.772,0.762,0.527,0.774,0.539,0.571,0.769,0.666,0.603,0.657,0.623,0.802,0.886,0.68,0.677,0.756,0.756,0.792,0.624,0.834,0.736,0.638,0.866,0.668,0.92,0,0.336,0.849,0.721,0.717,0.769,0.769,0.769,0.722,0.769,0.593,0.719,0.769,0.754,0.731,0.574,0.872,0.836,0.849,0.79,0.636,0.878,0.827,0.751,0.678,0.91,0.633,0.656,0.651,0.601,0.797,0.806,0.613,0.828,0.83,0.821,0.617,0.575,0.736,0.856,0.618,0.74,0.796,0.736,0.747,0.909,0.67,0.686,0.767,0.835,0.848
"MAL2",0.823,0.848,0.852,0.784,0.514,0.626,0.815,0.828,0.796,0.725,0.827,0.328,0.821,0.777,0.336,0.783,0.583,0.866,0.846,0.646,0.646,0.514,0.831,0.336,0.336,0.826,0.735,0.848,0.429,0.828,0.732,0.856,0.336,0.657,0.514,0.605,0.672,0.848,0.859,0.583,0.657,0.9,0.593,0.915,0.336,0,0.785,0.639,0.84,0.895,0.895,0.895,0.864,0.895,0.581,0.83,0.895,0.623,0.845,0.586,0.905,0.74,0.888,0.709,0.597,0.887,0.933,0.723,0.851,0.91,0.85,0.429,0.848,0.589,0.915,0.826,0.583,0.914,0.928,0.846,0.786,0.85,0.913,0.781,0.601,0.97,0.761,0.952,0.95,0.897,0.71,0.889,0.913,0.861,0.826
"MEGF11",0.866,0.88,0.895,0.872,0.761,0.861,0.861,0.868,0.909,0.857,0.872,0.868,0.872,0.88,0.827,0.906,0.814,0.916,0.88,0.724,0.762,0.805,0.904,0.82,0.781,0.896,0.911,0.876,0.777,0.882,0.851,0.89,0.759,0.815,0.752,0.758,0.823,0.891,0.889,0.83,0.849,0.891,0.831,0.927,0.849,0.785,0,0.774,0.873,0.885,0.885,0.885,0.868,0.885,0.89,0.874,0.885,0.763,0.903,0.787,0.896,0.581,0.928,0.793,0.79,0.903,0.929,0.912,0.912,0.927,0.884,0.856,0.869,0.672,0.905,0.884,0.859,0.906,0.944,0.879,0.875,0.891,0.929,0.81,0.804,0.969,0.794,0.95,0.947,0.921,0.885,0.708,0.903,0.919,0.883
"MEOX2",0.861,0.888,0.747,0.491,0.38,0.785,0.905,0.925,0.839,0.834,0.891,0.808,0.888,0.765,0.751,0.894,0.53,0.603,0.914,0.455,0.407,0.66,0.637,0.679,0.702,0.898,0.846,0.896,0.499,0.901,0.449,0.883,0.485,0.465,0.412,0.483,0.422,0.884,0.904,0.743,0.718,0.94,0.613,0.877,0.721,0.639,0.774,0,0.679,0.774,0.774,0.774,0.697,0.774,0.772,0.661,0.774,0.448,0.925,0.582,0.941,0.902,0.849,0.586,0.557,0.922,0.746,0.817,0.872,0.881,0.827,0.555,0.859,0.459,0.877,0.929,0.785,0.603,0.631,0.938,0.876,0.836,0.919,0.916,0.676,0.599,0.605,0.0610000000000001,0,0.918,0.754,0.865,0.863,0.716,0.935
"MIR10B",0.724,0.753,0.753,0.697,0.792,0.853,0.889,0.895,0.857,0.836,0.745,0.842,0.785,0.831,0.842,0.824,0.783,0.694,0.89,0.766,0.755,0.772,0.737,0.758,0.727,0.856,0.768,0.731,0.774,0.761,0.794,0.876,0.824,0.827,0.773,0.818,0.749,0.782,0.898,0.826,0.764,0.929,0.818,0.896,0.717,0.84,0.873,0.679,0,0,0,0,0.493,0,0.665,0.487,0,0.788,0.834,0.743,0.935,0.883,0.952,0.797,0.747,0.936,0.853,0.836,0.794,0.879,0.744,0.729,0.781,0.752,0.858,0.887,0.767,0.749,0.778,0.908,0.835,0.731,0.842,0.898,0.774,0.404,0.815,0.555,0.608,0.926,0.737,0.784,0.839,0.81,0.905
"MIR1197",0.782,0.82,0.738,0.776,0.774,0.86,0.803,0.873,0.878,0.827,0.782,0.836,0.82,0.805,0.885,0.787,0.59,0.754,0.847,0.774,0.774,0.769,0.776,0.406,0.874,0.852,0.612,0.815,0.558,0.85,0.774,0.786,0.825,0.769,0.774,0.825,0.774,0.82,0.891,0.826,0.817,0.929,0.774,0.787,0.769,0.895,0.885,0.774,0,0,0,0,0,0,0,0,0,0.774,0.891,0.298,0.935,0.809,0.96,0.774,0.774,0.927,0.868,0.799,0.751,0.865,0.769,0.558,0.8,0.754,0.897,0.88,0.782,0.749,0.704,0.885,0.844,0.769,0.887,0.845,0.558,0.817,0.774,0.754,0.774,0.931,0.776,0.873,0.887,0.747,0.88
"MIR124-2",0.782,0.82,0.738,0.776,0.774,0.86,0.803,0.873,0.878,0.827,0.782,0.836,0.82,0.805,0.885,0.787,0.59,0.754,0.847,0.774,0.774,0.769,0.776,0.406,0.874,0.852,0.612,0.815,0.558,0.85,0.774,0.786,0.825,0.769,0.774,0.825,0.774,0.82,0.891,0.826,0.817,0.929,0.774,0.787,0.769,0.895,0.885,0.774,0,0,0,0,0,0,0,0,0,0.774,0.891,0.298,0.935,0.809,0.96,0.774,0.774,0.927,0.868,0.799,0.751,0.865,0.769,0.558,0.8,0.754,0.897,0.88,0.782,0.749,0.704,0.885,0.844,0.769,0.887,0.845,0.558,0.817,0.774,0.754,0.774,0.931,0.776,0.873,0.887,0.747,0.88
"MIR129-2",0.782,0.82,0.738,0.776,0.774,0.86,0.803,0.873,0.878,0.827,0.782,0.836,0.82,0.805,0.885,0.787,0.59,0.754,0.847,0.774,0.774,0.769,0.776,0.406,0.874,0.852,0.612,0.815,0.558,0.85,0.774,0.786,0.825,0.769,0.774,0.825,0.774,0.82,0.891,0.826,0.817,0.929,0.774,0.787,0.769,0.895,0.885,0.774,0,0,0,0,0,0,0,0,0,0.774,0.891,0.298,0.935,0.809,0.96,0.774,0.774,0.927,0.868,0.799,0.751,0.865,0.769,0.558,0.8,0.754,0.897,0.88,0.782,0.749,0.704,0.885,0.844,0.769,0.887,0.845,0.558,0.817,0.774,0.754,0.774,0.931,0.776,0.873,0.887,0.747,0.88
"MIR196A1",0.824,0.827,0.798,0.83,0.839,0.88,0.87,0.867,0.843,0.864,0.766,0.886,0.835,0.871,0.881,0.852,0.822,0.791,0.891,0.814,0.816,0.818,0.835,0.816,0.835,0.891,0.805,0.766,0.81,0.86,0.85,0.866,0.865,0.854,0.828,0.859,0.843,0.825,0.912,0.841,0.828,0.792,0.826,0.876,0.722,0.864,0.868,0.697,0.493,0,0,0,0,0,0.764,0.593,0,0.836,0.826,0.8,0.827,0.854,0.954,0.824,0.837,0.944,0.868,0.785,0.793,0.922,0.678,0.824,0.829,0.825,0.897,0.878,0.848,0.749,0.817,0.907,0.809,0.721,0.889,0.862,0.81,0.817,0.848,0.754,0.774,0.943,0.822,0.873,0.887,0.838,0.79
"MIR196A2",0.782,0.82,0.738,0.776,0.774,0.86,0.803,0.873,0.878,0.827,0.782,0.836,0.82,0.805,0.885,0.787,0.59,0.754,0.847,0.774,0.774,0.769,0.776,0.406,0.874,0.852,0.612,0.815,0.558,0.85,0.774,0.786,0.825,0.769,0.774,0.825,0.774,0.82,0.891,0.826,0.817,0.929,0.774,0.787,0.769,0.895,0.885,0.774,0,0,0,0,0,0,0,0,0,0.774,0.891,0.298,0.935,0.809,0.96,0.774,0.774,0.927,0.868,0.799,0.751,0.865,0.769,0.558,0.8,0.754,0.897,0.88,0.782,0.749,0.704,0.885,0.844,0.769,0.887,0.845,0.558,0.817,0.774,0.754,0.774,0.931,0.776,0.873,0.887,0.747,0.88
"MIR21",0.649,0.77,0.777,0.749,0.735,0.805,0.868,0.881,0.85,0.777,0.741,0.88,0.767,0.806,0.847,0.76,0.731,0.743,0.843,0.805,0.798,0.605,0.768,0.55,0.791,0.764,0.604,0.749,0.724,0.783,0.825,0.889,0.822,0.735,0.826,0.827,0.827,0.736,0.906,0.793,0.691,0.507,0.744,0.926,0.593,0.581,0.89,0.772,0.665,0,0,0,0.764,0,0,0.618,0,0.818,0.761,0.542,0.757,0.865,0.856,0.803,0.632,0.928,0.756,0.734,0.69,0.921,0.729,0.631,0.758,0.716,0.74,0.886,0.701,0.569,0.835,0.915,0.777,0.674,0.794,0.889,0.65,0.404,0.832,0.127,0.225,0.929,0.659,0.551,0.71,0.853,0.892
"MIR495",0.743,0.838,0.829,0.734,0.746,0.845,0.896,0.867,0.87,0.807,0.806,0.863,0.841,0.808,0.819,0.862,0.762,0.783,0.852,0.771,0.766,0.654,0.739,0.692,0.831,0.825,0.756,0.8,0.763,0.847,0.812,0.896,0.819,0.773,0.793,0.817,0.785,0.85,0.901,0.823,0.778,0.929,0.764,0.89,0.719,0.83,0.874,0.661,0.487,0,0,0,0.593,0,0.618,0,0,0.793,0.856,0.685,0.935,0.885,0.94,0.803,0.622,0.949,0.736,0.862,0.828,0.912,0.674,0.683,0.842,0.752,0.858,0.879,0.797,0.527,0.796,0.891,0.879,0.67,0.862,0.888,0.767,0.404,0.825,0.555,0.608,0.921,0.731,0.765,0.839,0.785,0.911
"MIR654",0.782,0.82,0.738,0.776,0.774,0.86,0.803,0.873,0.878,0.827,0.782,0.836,0.82,0.805,0.885,0.787,0.59,0.754,0.847,0.774,0.774,0.769,0.776,0.406,0.874,0.852,0.612,0.815,0.558,0.85,0.774,0.786,0.825,0.769,0.774,0.825,0.774,0.82,0.891,0.826,0.817,0.929,0.774,0.787,0.769,0.895,0.885,0.774,0,0,0,0,0,0,0,0,0,0.774,0.891,0.298,0.935,0.809,0.96,0.774,0.774,0.927,0.868,0.799,0.751,0.865,0.769,0.558,0.8,0.754,0.897,0.88,0.782,0.749,0.704,0.885,0.844,0.769,0.887,0.845,0.558,0.817,0.774,0.754,0.774,0.931,0.776,0.873,0.887,0.747,0.88
"MKX",0.768,0.842,0.705,0.399,0.45,0.781,0.855,0.872,0.845,0.827,0.859,0.773,0.86,0.667,0.765,0.891,0.518,0.51,0.864,0.265,0.25,0.645,0.476,0.655,0.69,0.873,0.878,0.868,0.54,0.877,0.333,0.835,0.512,0.544,0.382,0.38,0.351,0.874,0.844,0.737,0.723,0.88,0.537,0.806,0.754,0.623,0.763,0.448,0.788,0.774,0.774,0.774,0.836,0.774,0.818,0.793,0.774,0,0.898,0.6,0.884,0.821,0.881,0.331,0.502,0.898,0.746,0.825,0.87,0.856,0.873,0.558,0.854,0.405,0.877,0.882,0.79,0.603,0.495,0.887,0.859,0.88,0.908,0.835,0.672,0.619,0.473,0.0610000000000001,0,0.865,0.747,0.871,0.863,0.644,0.888
"MNDA",0.66,0.728,0.801,0.897,0.854,0.84,0.825,0.879,0.797,0.813,0.678,0.905,0.748,0.753,0.893,0.81,0.885,0.8,0.833,0.872,0.874,0.752,0.873,0.816,0.791,0.827,0.797,0.715,0.865,0.771,0.876,0.91,0.928,0.893,0.922,0.908,0.936,0.702,0.823,0.792,0.741,0.896,0.859,0.947,0.731,0.845,0.903,0.925,0.834,0.891,0.891,0.891,0.826,0.891,0.761,0.856,0.891,0.898,0,0.808,0.902,0.837,0.929,0.809,0.796,0.923,0.931,0.738,0.74,0.935,0.803,0.847,0.756,0.85,0.911,0.885,0.8,0.911,0.923,0.902,0.705,0.663,0.753,0.858,0.842,0.919,0.889,0.913,0.915,0.94,0.677,0.724,0.909,0.917,0.888
"MSX1",0.681,0.796,0.781,0.615,0.426,0.706,0.893,0.877,0.807,0.702,0.801,0.82,0.802,0.769,0.715,0.789,0.528,0.716,0.876,0.585,0.57,0.515,0.714,0.502,0.67,0.822,0.688,0.78,0.538,0.784,0.68,0.883,0.575,0.518,0.573,0.565,0.591,0.78,0.874,0.695,0.615,0.813,0.578,0.906,0.574,0.586,0.787,0.582,0.743,0.298,0.298,0.298,0.8,0.298,0.542,0.685,0.298,0.6,0.808,0,0.83,0.864,0.847,0.692,0.458,0.913,0.642,0.73,0.807,0.906,0.821,0.519,0.784,0.512,0.804,0.877,0.631,0.442,0.787,0.905,0.79,0.741,0.871,0.879,0.49,0.565,0.694,0.0610000000000001,0,0.927,0.612,0.565,0.787,0.806,0.894
"NEFM",0.762,0.895,0.854,0.942,0.931,0.664,0.875,0.593,0.945,0.835,0.872,0.834,0.895,0.897,0.894,0.864,0.709,0.913,0.742,0.864,0.864,0.83,0.709,0.782,0.928,0.753,0.625,0.83,0.753,0.883,0.882,0.635,0.941,0.896,0.932,0.896,0.966,0.895,0.909,0.634,0.895,0.496,0.742,0.788,0.872,0.905,0.896,0.941,0.935,0.935,0.935,0.935,0.827,0.935,0.757,0.935,0.935,0.884,0.902,0.83,0,0.802,0.965,0.82,0.856,0.939,0.9,0.918,0.9,0.941,0.896,0.896,0.895,0.882,0.959,0.635,0.847,0.95,0.845,0.894,0.853,0.83,0.952,0.593,0.856,0.982,0.861,0.97,0.97,0.941,0.782,0.926,0.956,0.788,0.67
"NID2",0.674,0.808,0.832,0.916,0.891,0.85,0.781,0.761,0.895,0.845,0.805,0.806,0.803,0.862,0.835,0.846,0.857,0.869,0.788,0.775,0.796,0.846,0.825,0.876,0.835,0.813,0.882,0.798,0.89,0.811,0.825,0.784,0.898,0.877,0.89,0.843,0.927,0.837,0.814,0.836,0.856,0.778,0.825,0.862,0.836,0.74,0.581,0.902,0.883,0.809,0.809,0.809,0.854,0.809,0.865,0.885,0.809,0.821,0.837,0.864,0.802,0,0.887,0.709,0.822,0.845,0.879,0.866,0.859,0.892,0.818,0.88,0.817,0.856,0.815,0.764,0.874,0.836,0.894,0.813,0.805,0.818,0.885,0.684,0.852,0.945,0.821,0.916,0.907,0.866,0.811,0.546,0.817,0.855,0.738
"NIPSNAP1",0.929,0.939,0.94,0.915,0.76,0.899,0.923,0.929,0.928,0.857,0.929,0.926,0.885,0.931,0.849,0.609,0.747,0.899,0.938,0.887,0.887,0.849,0.95,0.814,0.849,0.929,0.594,0.939,0.76,0.907,0.813,0.917,0.847,0.473,0.76,0.847,0.893,0.652,0.944,0.681,0.652,0.962,0.652,0.965,0.849,0.888,0.928,0.849,0.952,0.96,0.96,0.96,0.954,0.96,0.856,0.94,0.96,0.881,0.929,0.847,0.965,0.887,0,0.704,0.872,0.695,0.974,0.872,0.848,0.907,0.939,0.863,0.834,0.813,0.97,0.929,0.796,0.963,0.974,0.938,0,0.939,0.944,0.907,0.869,0.989,0.903,0.982,0.981,0.962,0.813,0.957,0.969,0.945,0.929
"NKX2-4",0.687,0.786,0.671,0.452,0.638,0.801,0.751,0.812,0.798,0.805,0.774,0.767,0.811,0.665,0.821,0.789,0.553,0.485,0.796,0.206,0.199,0.73,0.417,0.738,0.785,0.795,0.832,0.823,0.63,0.764,0.264,0.755,0.655,0.616,0.528,0.467,0.457,0.791,0.78,0.77,0.724,0.832,0.526,0.774,0.79,0.709,0.793,0.586,0.797,0.774,0.774,0.774,0.824,0.774,0.803,0.803,0.774,0.331,0.809,0.692,0.82,0.709,0.704,0,0.567,0.802,0.746,0.759,0.82,0.756,0.824,0.621,0.718,0.48,0.795,0.816,0.818,0.603,0.478,0.839,0.749,0.84,0.844,0.723,0.683,0.619,0.55,0.0610000000000001,0,0.812,0.644,0.837,0.803,0.62,0.808
"NKX2-6",0.613,0.821,0.773,0.566,0.444,0.724,0.868,0.871,0.837,0.767,0.829,0.797,0.824,0.732,0.712,0.837,0.525,0.672,0.862,0.533,0.502,0.531,0.639,0.506,0.68,0.764,0.763,0.83,0.546,0.827,0.567,0.873,0.565,0.582,0.582,0.497,0.579,0.823,0.881,0.71,0.658,0.854,0.548,0.898,0.636,0.597,0.79,0.557,0.747,0.774,0.774,0.774,0.837,0.774,0.632,0.622,0.774,0.502,0.796,0.458,0.856,0.822,0.872,0.567,0,0.906,0.746,0.762,0.842,0.9,0.79,0.414,0.82,0.47,0.859,0.866,0.668,0.603,0.73,0.895,0.818,0.743,0.898,0.849,0.623,0.599,0.644,0.0610000000000001,0,0.909,0.66,0.565,0.859,0.767,0.873
"NPTX2",0.86,0.823,0.907,0.954,0.903,0.928,0.886,0.896,0.944,0.92,0.8,0.924,0.75,0.935,0.608,0.686,0.924,0.892,0.911,0.882,0.898,0.883,0.94,0.894,0.84,0.924,0.859,0.825,0.918,0.688,0.892,0.919,0.912,0.872,0.876,0.899,0.947,0.578,0.924,0.889,0.821,0.931,0.838,0.954,0.878,0.887,0.903,0.922,0.936,0.927,0.927,0.927,0.944,0.927,0.928,0.949,0.927,0.898,0.923,0.913,0.939,0.845,0.695,0.802,0.906,0,0.956,0.943,0.913,0.936,0.909,0.935,0.768,0.9,0.955,0.918,0.833,0.945,0.965,0.906,0.675,0.903,0.927,0.85,0.903,0.982,0.9,0.969,0.97,0.948,0.896,0.918,0.951,0.948,0.915
"NSUN4",0.77,0.859,0.74,0.761,0.746,0.796,0.789,0.891,0.819,0.887,0.905,0.826,0.832,0.481,0.922,0.778,0.509,0.733,0.9,0.746,0.746,0.915,0.761,0.774,0.947,0.892,0.867,0.915,0.642,0.917,0.746,0.775,0.774,0.746,0.746,0.774,0.746,0.923,0.706,0.703,0.777,0.881,0.746,0.512,0.827,0.933,0.929,0.746,0.853,0.868,0.868,0.868,0.868,0.868,0.756,0.736,0.868,0.746,0.931,0.642,0.9,0.879,0.974,0.746,0.746,0.956,0,0.774,0.858,0.846,0.923,0.746,0.881,0.642,0.793,0.878,0.898,0.422,0.663,0.922,0.9,0.915,0.774,0.891,0.7,0.825,0.746,0.733,0.746,0.863,0.512,0.944,0.774,0.581,0.878
"PCK1",0.789,0.823,0.74,0.806,0.804,0.827,0.803,0.91,0.629,0.683,0.795,0.828,0.796,0.828,0.899,0.705,0.707,0.713,0.88,0.814,0.788,0.797,0.827,0.754,0.87,0.889,0.664,0.848,0.749,0.844,0.781,0.821,0.832,0.809,0.843,0.825,0.83,0.747,0.886,0.772,0.719,0.919,0.747,0.915,0.751,0.723,0.912,0.817,0.836,0.799,0.799,0.799,0.785,0.799,0.734,0.862,0.799,0.825,0.738,0.73,0.918,0.866,0.872,0.759,0.762,0.943,0.774,0,0.71,0.875,0.911,0.749,0.82,0.719,0.583,0.915,0.736,0.652,0.843,0.92,0.762,0.906,0.848,0.893,0.707,0.599,0.825,0.192,0.161,0.916,0.742,0.796,0.537,0.847,0.917
"PDE4B",0.725,0.656,0.718,0.854,0.872,0.862,0.846,0.892,0.817,0.752,0.673,0.884,0.732,0.765,0.873,0.7,0.823,0.708,0.854,0.856,0.85,0.789,0.838,0.755,0.81,0.77,0.705,0.716,0.802,0.716,0.856,0.877,0.901,0.851,0.886,0.878,0.894,0.663,0.89,0.838,0.725,0.895,0.822,0.92,0.678,0.851,0.912,0.872,0.794,0.751,0.751,0.751,0.793,0.751,0.69,0.828,0.751,0.87,0.74,0.807,0.9,0.859,0.848,0.82,0.842,0.913,0.858,0.71,0,0.913,0.798,0.768,0.73,0.795,0.907,0.884,0.727,0.789,0.871,0.895,0.748,0.774,0.809,0.882,0.765,0.797,0.863,0.763,0.78,0.858,0.765,0.813,0.906,0.858,0.908
