"","ADAMTS20","ADCY4","AIP","ALX1","ALX4","ATG16L1","CA3","CCDC8","CDO1","CFTR","CMTM2","DEGS1","DGKI","DNASE2","DOC2A","DRD5","EOMES","ESRRG","EXOC1","FOXB2","FOXD2","FRZB","GATAD2B","GDNF","GFRA2","GHITM","GHSR","GNG4","GRHL3","GRIK3","HLF","HMGCL","HOXB2","HOXD10","HOXD12","HOXD4","HOXD8","HRH1","IFFO1","IMMP2L","KCNK2","LIMD2","LMX1A","LUC7L3","MAGI2","MAL2","MEGF11","MEOX2","MIR10B","MIR196A1","MIR21","MIR495","MIR654","MKX","MNDA","MSX1","NEFM","NID2","NIPSNAP1","NKX2-4","NKX2-6","NPTX2","NSUN4","PCK1","PDE4B","PIGB","PODN","POU3F3","PRLHR","PTF1A","RUSC1","SAR1A","SCT","SUB1","SYTL1","TAC1","TRIM59","TUBB6","WNT3","ZC3H12D","ZFP42","ZNF781","ZSCAN18","ATP5G2","C1orf114","DBC1","MARCH11","SFRS13A","WDR8"
"ADAMTS20",0,0.68,0.788,0.863,0.861,0.768,0.468,0.719,0.424,0.86,0.808,0.794,0.66,0.863,0.609,0.816,0.893,0.74,0.781,0.924,0.87,0.783,0.566,0.843,0.955,0.782,0.907,0.783,0.859,0.959,0.87,0.559,0.858,0.846,0.834,0.872,0.863,0.935,0.719,0.438,0.976,0.607,0.738,0.825,0.844,0.804,0.719,0.87,0.925,0.919,0.925,0.925,0.919,0.924,0.806,0.875,0.82,0.699,0.719,0.798,0.911,0.585,0.847,0.672,0.737,0.904,0.86,0.887,0.863,0.865,0.795,0.804,0.829,0.844,0.813,0.922,0.468,0.677,0.828,0.637,0.732,0.644,0.675,0.801,0.884,0.839,0.374,0.808,0.719
"ADCY4",0.68,0,0.491,0.606,0.582,0.485,0.396,0,0.6,0.571,0.477,0.554,0.238,0.784,0.35,0.566,0.712,0.575,0.492,0.857,0.627,0.432,0.465,0.447,0.883,0.518,0.814,0.432,0.606,0.914,0.622,0.483,0.594,0.594,0.55,0.624,0.606,0.884,0,0.849,0.954,0.327,0.491,0.532,0.475,0.513,0,0.627,0.821,0.762,0.821,0.821,0.762,0.857,0.498,0.622,0.502,0.43,0,0.537,0.835,0.334,0.616,0.522,0.448,0.877,0.752,0.672,0.61,0.652,0.451,0.451,0.444,0.543,0.448,0.52,0.447,0.376,0.448,0.404,0.484,0.568,0.421,0.52,0.427,0.458,0.668,0.44,0
"AIP",0.788,0.491,0,0.513,0.512,0.399,0.496,0,0.8,0.582,0.408,0.424,0.503,0.799,0.449,0.552,0.623,0.56,0.437,0.822,0.53,0.37,0.494,0.405,0.883,0.435,0.806,0.37,0.525,0.906,0.554,0.741,0.506,0.51,0.453,0.537,0.513,0.874,0,0.768,0.949,0.429,0.524,0.481,0.43,0.441,0,0.53,0.83,0.762,0.83,0.83,0.762,0.822,0.432,0.547,0.439,0.479,0,0.448,0.771,0.407,0.563,0.757,0.61,0.874,0.742,0.581,0.549,0.605,0.387,0.495,0.385,0.36,0.391,0.52,0.447,0.508,0.382,0.49,0.504,0.711,0.476,0.455,0.427,0.411,0.767,0.356,0
"ALX1",0.863,0.606,0.513,0,0.056,0.547,0.617,0,0.831,0.689,0.538,0.641,0.622,0.642,0.566,0.656,0.212,0.218,0.569,0.257,0.0659999999999999,0.494,0.431,0.491,0.883,0.546,0.827,0.494,0.119,0.913,0.088,0.756,0.048,0.073,0.0669999999999999,0.016,0,0.883,0,0.891,0.954,0.544,0.0580000000000001,0.438,0.514,0.574,0,0.0659999999999999,0.777,0.723,0.777,0.777,0.723,0.257,0.363,0.0580000000000001,0.556,0.587,0,0.169,0.189,0.503,0.655,0.807,0.701,0.91,0.773,0.22,0.652,0.111,0.512,0.624,0.487,0.373,0.502,0.52,0.607,0.6,0.491,0.573,0.135,0.402,0.182,0.574,0.427,0.496,0.854,0.433,0
"ALX4",0.861,0.582,0.512,0.056,0,0.541,0.597,0,0.836,0.671,0.532,0.617,0.594,0.552,0.555,0.631,0.182,0.23,0.556,0.353,0.087,0.497,0.37,0.494,0.883,0.538,0.82,0.497,0.112,0.913,0.0669999999999999,0.763,0.075,0.114,0.121,0.0649999999999999,0.056,0.885,0,0.894,0.956,0.537,0.101,0.319,0.513,0.56,0,0.087,0.709,0.536,0.709,0.709,0.536,0.353,0.328,0.093,0.546,0.573,0,0.214,0.276,0.504,0.596,0.795,0.687,0.914,0.767,0.165,0.629,0.109,0.512,0.594,0.491,0.312,0.503,0.52,0.587,0.58,0.479,0.517,0.166,0.368,0.224,0.561,0.427,0.451,0.855,0.393,0
"ATG16L1",0.768,0.485,0.399,0.547,0.541,0,0.491,0,0.788,0.612,0.393,0.481,0.465,0.789,0.439,0.555,0.694,0.591,0.424,0.848,0.581,0.348,0.491,0.395,0.883,0.417,0.802,0.348,0.557,0.902,0.583,0.725,0.539,0.541,0.476,0.57,0.547,0.866,0,0.733,0.945,0.416,0.556,0.476,0.362,0.429,0,0.581,0.82,0.762,0.82,0.82,0.762,0.848,0.419,0.58,0.428,0.474,0,0.447,0.822,0.388,0.496,0.724,0.624,0.778,0.731,0.605,0.551,0.629,0.367,0.489,0.385,0.458,0.322,0.52,0.345,0.501,0.389,0.485,0.549,0.741,0.5,0.447,0.427,0.444,0.614,0.384,0
"CA3",0.468,0.396,0.496,0.617,0.597,0.491,0,0,0.362,0.665,0.473,0.58,0.431,0.815,0.341,0.595,0.721,0.509,0.509,0.864,0.642,0.42,0.334,0.451,0.883,0.517,0.813,0.42,0.621,0.914,0.639,0.497,0.608,0.603,0.557,0.636,0.617,0.882,0,0.861,0.954,0.315,0.499,0.546,0.472,0.514,0,0.642,0.833,0.762,0.833,0.833,0.762,0.864,0.503,0.631,0.502,0.446,0,0.538,0.837,0.321,0.651,0.623,0.555,0.895,0.746,0.68,0.621,0.659,0.442,0.58,0.438,0.555,0.44,0.52,0.297,0.464,0.441,0.415,0.491,0.548,0.422,0.522,0.427,0.508,0.454,0.443,0
"CCDC8",0.719,0,0,0,0,0,0,0,0.719,0,0,0,0,0.675,0,0,0.427,0,0,0.807,0,0,0,0,0.883,0,0.658,0,0,0.853,0,0.643,0,0,0,0,0,0.824,0,0.846,0.931,0,0,0,0,0,0,0,0.731,0.762,0.731,0.731,0.762,0.807,0,0,0,0,0,0,0.776,0,0,0.643,0.212,0.872,0.572,0.343,0,0.212,0,0,0,0,0,0.52,0,0,0,0,0,0.643,0,0,0.427,0,0.719,0,0
"CDO1",0.424,0.6,0.8,0.831,0.836,0.788,0.362,0.719,0,0.851,0.78,0.71,0.576,0.882,0.528,0.775,0.885,0.686,0.762,0.922,0.842,0.763,0.519,0.821,0.951,0.762,0.889,0.763,0.832,0.954,0.845,0.506,0.827,0.821,0.802,0.842,0.831,0.929,0.719,0.881,0.977,0.527,0.654,0.8,0.819,0.777,0.719,0.842,0.922,0.919,0.922,0.922,0.919,0.922,0.778,0.851,0.792,0.645,0.719,0.776,0.903,0.518,0.819,0.635,0.678,0.913,0.841,0.88,0.831,0.84,0.772,0.797,0.805,0.819,0.788,0.922,0.465,0.611,0.805,0.576,0.65,0.553,0.587,0.779,0.884,0.817,0.411,0.787,0.719
"CFTR",0.86,0.571,0.582,0.689,0.671,0.612,0.665,0,0.851,0,0.654,0.613,0.591,0.845,0.66,0.69,0.781,0.686,0.662,0.887,0.693,0.638,0.665,0.604,0.883,0.588,0.857,0.638,0.685,0.788,0.687,0.777,0.684,0.68,0.675,0.694,0.689,0.896,0,0.839,0.863,0.649,0.687,0.661,0.615,0.668,0,0.693,0.886,0.762,0.886,0.886,0.762,0.887,0.662,0.685,0.656,0.648,0,0.601,0.857,0.575,0.669,0.765,0.632,0.884,0.8,0.734,0.691,0.719,0.645,0.544,0.615,0.64,0.629,0.52,0.667,0.512,0.607,0.658,0.683,0.811,0.675,0.572,0.427,0.575,0.852,0.622,0
"CMTM2",0.808,0.477,0.408,0.538,0.532,0.393,0.473,0,0.78,0.654,0,0.509,0.481,0.78,0.362,0.55,0.679,0.597,0.317,0.84,0.586,0.184,0.453,0.269,0.883,0.4,0.792,0.184,0.554,0.909,0.588,0.73,0.527,0.531,0.422,0.572,0.538,0.87,0,0.878,0.943,0.326,0.552,0.431,0.367,0.326,0,0.586,0.782,0.762,0.782,0.782,0.762,0.84,0.308,0.584,0.346,0.427,0,0.448,0.825,0.36,0.603,0.779,0.624,0.893,0.694,0.62,0.544,0.625,0.217,0.456,0.2,0.469,0.259,0.52,0.428,0.529,0.108,0.462,0.542,0.718,0.467,0.375,0.427,0.422,0.802,0.293,0
"DEGS1",0.794,0.554,0.424,0.641,0.617,0.481,0.58,0,0.71,0.613,0.509,0,0.595,0.798,0.545,0.65,0.724,0.655,0.545,0.847,0.662,0.457,0.59,0.471,0.883,0.491,0.828,0.457,0.643,0.904,0.657,0.722,0.633,0.625,0.588,0.658,0.641,0.868,0,0.768,0.946,0.519,0.642,0.574,0.494,0.551,0,0.662,0.838,0.762,0.838,0.838,0.762,0.847,0.54,0.648,0.533,0.571,0,0.516,0.823,0.449,0.628,0.768,0.674,0.81,0.769,0.676,0.646,0.678,0.479,0.6,0.462,0.577,0.471,0.52,0.578,0.559,0.466,0.579,0.634,0.752,0.601,0.554,0.427,0.528,0.761,0.47,0
"DGKI",0.66,0.238,0.503,0.622,0.594,0.465,0.431,0,0.576,0.591,0.481,0.595,0,0.787,0.335,0.578,0.708,0.584,0.498,0.852,0.643,0.428,0.466,0.456,0.883,0.528,0.814,0.428,0.621,0.914,0.636,0.481,0.609,0.608,0.564,0.641,0.622,0.883,0,0.87,0.953,0.309,0.495,0.542,0.477,0.522,0,0.643,0.81,0.762,0.81,0.81,0.762,0.852,0.505,0.635,0.509,0.427,0,0.548,0.833,0.319,0.611,0.438,0.443,0.847,0.748,0.669,0.627,0.656,0.45,0.458,0.443,0.552,0.447,0.52,0.431,0.373,0.447,0.407,0.487,0.532,0.417,0.529,0.427,0.467,0.608,0.438,0
"DNASE2",0.863,0.784,0.799,0.642,0.552,0.789,0.815,0.675,0.882,0.845,0.78,0.798,0.787,0,0.774,0.823,0.43,0.722,0.778,0.704,0.6,0.754,0.525,0.808,0.939,0.765,0.888,0.754,0.554,0.949,0.454,0.843,0.578,0.655,0.628,0.623,0.642,0.924,0.675,0.816,0.969,0.774,0.662,0.384,0.81,0.781,0.675,0.6,0.62,0.536,0.62,0.62,0.536,0.704,0.472,0.636,0.793,0.787,0.675,0.677,0.764,0.722,0.756,0.842,0.827,0.919,0.836,0.638,0.839,0.541,0.766,0.787,0.795,0.544,0.781,0.878,0.808,0.776,0.795,0.587,0.663,0.516,0.712,0.775,0.84,0.691,0.875,0.626,0.675
"DOC2A",0.609,0.35,0.449,0.566,0.555,0.439,0.341,0,0.528,0.66,0.362,0.545,0.335,0.774,0,0.525,0.693,0.539,0.381,0.844,0.603,0.3,0.385,0.394,0.883,0.46,0.782,0.3,0.577,0.906,0.604,0.433,0.556,0.556,0.479,0.593,0.566,0.868,0,0.878,0.945,0.184,0.432,0.478,0.411,0.412,0,0.603,0.788,0.762,0.788,0.788,0.762,0.844,0.399,0.599,0.415,0.334,0,0.493,0.823,0.233,0.62,0.612,0.503,0.895,0.687,0.645,0.571,0.626,0.326,0.504,0.364,0.503,0.343,0.52,0.353,0.41,0.369,0.32,0.424,0.481,0.325,0.37,0.427,0.457,0.604,0.359,0
"DRD5",0.816,0.566,0.552,0.656,0.631,0.555,0.595,0,0.775,0.69,0.55,0.65,0.578,0.823,0.525,0,0.728,0.572,0.581,0.856,0.672,0.505,0.592,0.498,0.514,0.536,0.432,0.505,0.657,0.663,0.667,0.678,0.649,0.64,0.613,0.67,0.656,0.46,0,0.891,0.954,0.502,0.618,0.597,0.521,0.585,0,0.672,0.837,0.762,0.837,0.837,0.762,0.856,0.576,0.659,0.566,0.565,0,0.553,0.834,0.449,0.692,0.763,0.66,0.91,0.781,0.689,0.349,0.686,0.523,0.627,0.495,0.596,0.511,0.52,0.594,0.55,0.498,0.573,0.611,0.706,0.576,0.584,0.427,0.55,0.804,0.505,0
"EOMES",0.893,0.712,0.623,0.212,0.182,0.694,0.721,0.427,0.885,0.781,0.679,0.724,0.708,0.43,0.693,0.728,0,0.334,0.685,0.314,0.132,0.656,0.348,0.694,0.914,0.67,0.85,0.656,0.117,0.932,0.101,0.824,0.167,0.198,0.226,0.182,0.212,0.906,0.427,0.913,0.965,0.685,0.257,0.327,0.698,0.683,0.427,0.132,0.664,0.536,0.664,0.664,0.536,0.314,0.37,0.235,0.689,0.703,0.427,0.309,0.299,0.656,0.661,0.838,0.792,0.933,0.806,0.233,0.738,0.176,0.667,0.704,0.682,0.343,0.675,0.816,0.709,0.698,0.682,0.602,0.225,0.325,0.325,0.692,0.745,0.563,0.888,0.507,0.427
"ESRRG",0.74,0.575,0.56,0.218,0.23,0.591,0.509,0,0.686,0.686,0.597,0.655,0.584,0.722,0.539,0.572,0.334,0,0.613,0.449,0.203,0.571,0.423,0.547,0.617,0.57,0.739,0.571,0.248,0.827,0.21,0.667,0.228,0.216,0.266,0.203,0.218,0.78,0,0.897,0.958,0.536,0.196,0.527,0.566,0.618,0,0.203,0.817,0.715,0.817,0.817,0.715,0.449,0.501,0.22,0.603,0.584,0,0.284,0.369,0.485,0.666,0.747,0.666,0.917,0.787,0.328,0.586,0.268,0.582,0.642,0.551,0.452,0.57,0.52,0.524,0.551,0.542,0.559,0.21,0.451,0.251,0.579,0.427,0.549,0.731,0.523,0
"EXOC1",0.781,0.492,0.437,0.569,0.556,0.424,0.509,0,0.762,0.662,0.317,0.545,0.498,0.778,0.381,0.581,0.685,0.613,0,0.839,0.61,0.239,0.489,0.377,0.883,0.444,0.791,0.239,0.581,0.908,0.61,0.71,0.558,0.558,0.466,0.599,0.569,0.87,0,0.877,0.942,0.364,0.575,0.467,0.394,0.38,0,0.61,0.779,0.762,0.779,0.779,0.762,0.839,0.363,0.604,0.389,0.463,0,0.485,0.825,0.391,0.63,0.71,0.619,0.892,0.693,0.634,0.575,0.634,0.271,0.484,0.339,0.498,0.303,0.52,0.471,0.543,0.344,0.493,0.566,0.69,0.498,0.384,0.427,0.447,0.774,0.329,0
"FOXB2",0.924,0.857,0.822,0.257,0.353,0.848,0.864,0.807,0.922,0.887,0.84,0.847,0.852,0.704,0.844,0.856,0.314,0.449,0.839,0,0.236,0.825,0.699,0.875,0.914,0.763,0.893,0.825,0.27,0.933,0.286,0.859,0.324,0.282,0.305,0.203,0.257,0.903,0.807,0.907,0.96,0.843,0.336,0.66,0.866,0.816,0.807,0.236,0.814,0.791,0.814,0.814,0.791,0,0.638,0.305,0.834,0.839,0.807,0.238,0.083,0.759,0.844,0.899,0.89,0.924,0.864,0.308,0.866,0.319,0.832,0.85,0.863,0.539,0.847,0.925,0.856,0.797,0.864,0.812,0.283,0.459,0.283,0.833,0.907,0.811,0.914,0.775,0.807
"FOXD2",0.87,0.627,0.53,0.0659999999999999,0.087,0.581,0.642,0,0.842,0.693,0.586,0.662,0.643,0.6,0.603,0.672,0.132,0.203,0.61,0.236,0,0.551,0.4,0.529,0.883,0.563,0.83,0.551,0.0610000000000001,0.91,0.04,0.758,0.048,0.069,0.109,0.048,0.0659999999999999,0.881,0,0.89,0.954,0.585,0.111,0.412,0.551,0.614,0,0,0.752,0.63,0.752,0.752,0.63,0.236,0.411,0.103,0.595,0.617,0,0.168,0.145,0.526,0.649,0.809,0.716,0.91,0.782,0.125,0.669,0.119,0.566,0.647,0.531,0.331,0.552,0.52,0.636,0.602,0.534,0.581,0.089,0.305,0.178,0.61,0.427,0.505,0.861,0.456,0
"FRZB",0.783,0.432,0.37,0.494,0.497,0.348,0.42,0,0.763,0.638,0.184,0.457,0.428,0.754,0.3,0.505,0.656,0.571,0.239,0.825,0.551,0,0.4,0.318,0.883,0.338,0.774,0.106,0.514,0.902,0.557,0.713,0.482,0.492,0.36,0.533,0.494,0.859,0,0.868,0.937,0.263,0.512,0.378,0.328,0.247,0,0.551,0.758,0.762,0.758,0.758,0.762,0.825,0.23,0.556,0.283,0.375,0,0.396,0.813,0.307,0.563,0.766,0.595,0.884,0.66,0.592,0.499,0.6,0.139,0.393,0.263,0.432,0.196,0.52,0.365,0.49,0.268,0.409,0.503,0.694,0.414,0.312,0.427,0.388,0.776,0.24,0
"GATAD2B",0.566,0.465,0.494,0.431,0.37,0.491,0.334,0,0.519,0.665,0.453,0.59,0.466,0.525,0.385,0.592,0.348,0.423,0.489,0.699,0.4,0.4,0,0.44,0.883,0.524,0.802,0.4,0.333,0.914,0.33,0.583,0.351,0.436,0.376,0.434,0.431,0.883,0,0.891,0.953,0.353,0.374,0.294,0.46,0.494,0,0.4,0.693,0.63,0.693,0.693,0.63,0.699,0.307,0.437,0.485,0.453,0,0.465,0.722,0.38,0.599,0.679,0.59,0.909,0.704,0.453,0.608,0.423,0.422,0.558,0.424,0.376,0.423,0.52,0.338,0.508,0.428,0.395,0.373,0.386,0.381,0.505,0.427,0.429,0.562,0.334,0
"GDNF",0.843,0.447,0.405,0.491,0.494,0.395,0.451,0,0.821,0.604,0.269,0.471,0.456,0.808,0.394,0.498,0.694,0.547,0.377,0.875,0.529,0.318,0.44,0,0.883,0.413,0.799,0.318,0.504,0.915,0.534,0.763,0.485,0.49,0.424,0.516,0.491,0.887,0,0.896,0.957,0.376,0.503,0.428,0.377,0.381,0,0.529,0.834,0.762,0.834,0.834,0.762,0.875,0.373,0.534,0.386,0.426,0,0.438,0.846,0.39,0.534,0.793,0.605,0.915,0.734,0.553,0.495,0.588,0.333,0.441,0.209,0.441,0.324,0.446,0.426,0.489,0.233,0.445,0.497,0.767,0.448,0.4,0.427,0.419,0.84,0.353,0
"GFRA2",0.955,0.883,0.883,0.883,0.883,0.883,0.883,0.883,0.951,0.883,0.883,0.883,0.883,0.939,0.883,0.514,0.914,0.617,0.883,0.914,0.883,0.883,0.883,0.883,0,0.736,0.514,0.883,0.883,0.514,0.883,0.831,0.883,0.883,0.883,0.883,0.883,0.617,0.883,0.923,0.974,0.883,0.883,0.883,0.883,0.883,0.883,0.883,0.958,0.962,0.958,0.958,0.962,0.914,0.883,0.883,0.883,0.883,0.883,0.736,0.883,0.736,0.883,0.934,0.914,0.947,0.914,0.883,0.514,0.883,0.883,0.883,0.883,0.883,0.883,0.962,0.883,0.736,0.883,0.883,0.883,0.883,0.883,0.883,0.947,0.883,0.939,0.883,0.883
"GHITM",0.782,0.518,0.435,0.546,0.538,0.417,0.517,0,0.762,0.588,0.4,0.491,0.528,0.765,0.46,0.536,0.67,0.57,0.444,0.763,0.563,0.338,0.524,0.413,0.736,0,0.718,0.338,0.559,0.788,0.589,0.632,0.536,0.538,0.476,0.575,0.546,0.753,0,0.778,0.809,0.43,0.557,0.505,0.412,0.402,0,0.563,0.789,0.762,0.789,0.789,0.762,0.763,0.437,0.573,0.406,0.467,0,0.329,0.705,0.283,0.587,0.752,0.606,0.784,0.669,0.584,0.538,0.611,0.364,0.512,0.388,0.505,0.374,0.52,0.493,0.406,0.392,0.515,0.538,0.662,0.507,0.342,0.427,0.455,0.765,0.387,0
"GHSR",0.907,0.814,0.806,0.827,0.82,0.802,0.813,0.658,0.889,0.857,0.792,0.828,0.814,0.888,0.782,0.432,0.85,0.739,0.791,0.893,0.83,0.774,0.802,0.799,0.514,0.718,0,0.774,0.822,0.619,0.825,0.816,0.822,0.812,0.808,0.833,0.827,0.461,0.658,0.913,0.964,0.783,0.823,0.791,0.802,0.794,0.658,0.83,0.898,0.855,0.898,0.898,0.855,0.893,0.789,0.833,0.797,0.789,0.658,0.73,0.875,0.688,0.848,0.876,0.858,0.932,0.844,0.841,0.285,0.821,0.782,0.822,0.791,0.805,0.787,0.85,0.812,0.754,0.792,0.806,0.817,0.83,0.808,0.786,0.814,0.799,0.896,0.778,0.658
"GNG4",0.783,0.432,0.37,0.494,0.497,0.348,0.42,0,0.763,0.638,0.184,0.457,0.428,0.754,0.3,0.505,0.656,0.571,0.239,0.825,0.551,0.106,0.4,0.318,0.883,0.338,0.774,0,0.514,0.902,0.557,0.713,0.482,0.492,0.36,0.533,0.494,0.859,0,0.868,0.937,0.263,0.512,0.378,0.328,0.247,0,0.551,0.758,0.762,0.758,0.758,0.762,0.825,0.23,0.556,0.283,0.375,0,0.396,0.813,0.307,0.563,0.766,0.595,0.884,0.66,0.592,0.499,0.6,0.139,0.393,0.263,0.432,0.196,0.52,0.365,0.49,0.268,0.409,0.503,0.694,0.414,0.312,0.427,0.388,0.776,0.24,0
"GRHL3",0.859,0.606,0.525,0.119,0.112,0.557,0.621,0,0.832,0.685,0.554,0.643,0.621,0.554,0.577,0.657,0.117,0.248,0.581,0.27,0.0610000000000001,0.514,0.333,0.504,0.883,0.559,0.822,0.514,0,0.913,0.0649999999999999,0.759,0.086,0.112,0.177,0.094,0.119,0.884,0,0.893,0.954,0.556,0.162,0.364,0.526,0.585,0,0.0610000000000001,0.722,0.629,0.722,0.722,0.629,0.27,0.389,0.147,0.567,0.594,0,0.189,0.206,0.518,0.63,0.799,0.701,0.911,0.768,0.163,0.653,0.143,0.531,0.623,0.503,0.314,0.519,0.52,0.613,0.6,0.506,0.551,0.174,0.35,0.2,0.583,0.427,0.475,0.852,0.415,0
"GRIK3",0.959,0.914,0.906,0.913,0.913,0.902,0.914,0.853,0.954,0.788,0.909,0.904,0.914,0.949,0.906,0.663,0.932,0.827,0.908,0.933,0.91,0.902,0.914,0.915,0.514,0.788,0.619,0.902,0.913,0,0.917,0.886,0.911,0.908,0.907,0.917,0.913,0.63,0.853,0.935,0.716,0.906,0.913,0.91,0.911,0.898,0.853,0.91,0.962,0.947,0.962,0.962,0.947,0.933,0.908,0.917,0.901,0.9,0.853,0.822,0.91,0.814,0.919,0.945,0.932,0.952,0.924,0.912,0.658,0.915,0.905,0.916,0.911,0.911,0.908,0.945,0.912,0.838,0.911,0.911,0.908,0.907,0.909,0.789,0.929,0.909,0.948,0.905,0.853
"HLF",0.87,0.622,0.554,0.088,0.0669999999999999,0.583,0.639,0,0.845,0.687,0.588,0.657,0.636,0.454,0.604,0.667,0.101,0.21,0.61,0.286,0.04,0.557,0.33,0.534,0.883,0.589,0.825,0.557,0.0649999999999999,0.917,0,0.772,0.0570000000000001,0.09,0.131,0.069,0.088,0.89,0,0.899,0.959,0.587,0.128,0.295,0.555,0.613,0,0.04,0.676,0.536,0.676,0.676,0.536,0.286,0.285,0.118,0.596,0.616,0,0.216,0.23,0.553,0.606,0.799,0.713,0.919,0.776,0.164,0.664,0.098,0.57,0.64,0.537,0.284,0.557,0.52,0.633,0.617,0.54,0.536,0.138,0.296,0.225,0.609,0.427,0.457,0.864,0.404,0
"HMGCL",0.559,0.483,0.741,0.756,0.763,0.725,0.497,0.643,0.506,0.777,0.73,0.722,0.481,0.843,0.433,0.678,0.824,0.667,0.71,0.859,0.758,0.713,0.583,0.763,0.831,0.632,0.816,0.713,0.759,0.886,0.772,0,0.752,0.747,0.734,0.768,0.756,0.851,0.643,0.849,0.941,0.433,0.543,0.744,0.749,0.583,0.643,0.758,0.877,0.857,0.877,0.877,0.857,0.859,0.727,0.776,0.612,0.434,0.643,0.642,0.814,0.355,0.769,0.448,0.579,0.871,0.679,0.799,0.753,0.768,0.721,0.743,0.748,0.753,0.733,0.838,0.552,0.398,0.749,0.483,0.533,0.442,0.479,0.718,0.813,0.752,0.546,0.732,0.643
"HOXB2",0.858,0.594,0.506,0.048,0.075,0.539,0.608,0,0.827,0.684,0.527,0.633,0.609,0.578,0.556,0.649,0.167,0.228,0.558,0.324,0.048,0.482,0.351,0.485,0.883,0.536,0.822,0.482,0.086,0.911,0.0570000000000001,0.752,0,0.095,0.0649999999999999,0.077,0.048,0.88,0,0.889,0.952,0.534,0.102,0.362,0.507,0.563,0,0.048,0.73,0.63,0.73,0.73,0.63,0.324,0.352,0.101,0.546,0.578,0,0.222,0.241,0.494,0.632,0.799,0.694,0.908,0.765,0.2,0.645,0.14,0.501,0.61,0.479,0.376,0.492,0.52,0.597,0.589,0.483,0.544,0.157,0.346,0.234,0.564,0.427,0.472,0.849,0.401,0
"HOXD10",0.846,0.594,0.51,0.073,0.114,0.541,0.603,0,0.821,0.68,0.531,0.625,0.608,0.655,0.556,0.64,0.198,0.216,0.558,0.282,0.069,0.492,0.436,0.49,0.883,0.538,0.812,0.492,0.112,0.908,0.09,0.747,0.095,0,0.122,0.053,0.073,0.877,0,0.887,0.951,0.536,0.121,0.447,0.511,0.562,0,0.069,0.777,0.723,0.777,0.777,0.723,0.282,0.385,0.111,0.547,0.576,0,0.163,0.212,0.5,0.643,0.796,0.692,0.906,0.75,0.226,0.637,0.081,0.508,0.608,0.486,0.351,0.499,0.52,0.593,0.589,0.489,0.566,0.133,0.436,0.174,0.563,0.427,0.497,0.839,0.441,0
"HOXD12",0.834,0.55,0.453,0.0669999999999999,0.121,0.476,0.557,0,0.802,0.675,0.422,0.588,0.564,0.628,0.479,0.613,0.226,0.266,0.466,0.305,0.109,0.36,0.376,0.424,0.883,0.476,0.808,0.36,0.177,0.907,0.131,0.734,0.0649999999999999,0.122,0,0.099,0.0669999999999999,0.87,0,0.879,0.946,0.449,0.131,0.379,0.444,0.472,0,0.109,0.753,0.723,0.753,0.753,0.723,0.305,0.258,0.122,0.465,0.518,0,0.179,0.284,0.431,0.63,0.79,0.666,0.896,0.732,0.239,0.609,0.194,0.386,0.556,0.402,0.37,0.393,0.52,0.533,0.565,0.406,0.517,0.135,0.395,0.194,0.489,0.427,0.45,0.824,0.35,0
"HOXD4",0.872,0.624,0.537,0.016,0.0649999999999999,0.57,0.636,0,0.842,0.694,0.572,0.658,0.641,0.623,0.593,0.67,0.182,0.203,0.599,0.203,0.048,0.533,0.434,0.516,0.883,0.575,0.833,0.533,0.094,0.917,0.069,0.768,0.077,0.053,0.099,0,0.016,0.889,0,0.898,0.957,0.573,0.0679999999999999,0.443,0.538,0.603,0,0.048,0.776,0.723,0.776,0.776,0.723,0.203,0.375,0.0629999999999999,0.584,0.609,0,0.135,0.152,0.533,0.66,0.813,0.713,0.916,0.784,0.187,0.667,0.101,0.549,0.645,0.516,0.328,0.536,0.52,0.629,0.617,0.519,0.587,0.109,0.412,0.146,0.6,0.427,0.506,0.865,0.453,0
"HOXD8",0.863,0.606,0.513,0,0.056,0.547,0.617,0,0.831,0.689,0.538,0.641,0.622,0.642,0.566,0.656,0.212,0.218,0.569,0.257,0.0659999999999999,0.494,0.431,0.491,0.883,0.546,0.827,0.494,0.119,0.913,0.088,0.756,0.048,0.073,0.0669999999999999,0.016,0,0.883,0,0.891,0.954,0.544,0.0580000000000001,0.438,0.514,0.574,0,0.0659999999999999,0.777,0.723,0.777,0.777,0.723,0.257,0.363,0.0580000000000001,0.556,0.587,0,0.169,0.189,0.503,0.655,0.807,0.701,0.91,0.773,0.22,0.652,0.111,0.512,0.624,0.487,0.373,0.502,0.52,0.607,0.6,0.491,0.573,0.135,0.402,0.182,0.574,0.427,0.496,0.854,0.433,0
"HRH1",0.935,0.884,0.874,0.883,0.885,0.866,0.882,0.824,0.929,0.896,0.87,0.868,0.883,0.924,0.868,0.46,0.906,0.78,0.87,0.903,0.881,0.859,0.883,0.887,0.617,0.753,0.461,0.859,0.884,0.63,0.89,0.851,0.88,0.877,0.87,0.889,0.883,0,0.824,0.908,0.962,0.869,0.883,0.877,0.88,0.85,0.824,0.881,0.939,0.929,0.939,0.939,0.929,0.903,0.868,0.892,0.86,0.861,0.824,0.767,0.877,0.754,0.893,0.922,0.906,0.926,0.887,0.882,0.544,0.888,0.864,0.885,0.879,0.881,0.871,0.925,0.878,0.795,0.88,0.878,0.876,0.87,0.875,0.862,0.907,0.878,0.921,0.869,0.824
"IFFO1",0.719,0,0,0,0,0,0,0,0.719,0,0,0,0,0.675,0,0,0.427,0,0,0.807,0,0,0,0,0.883,0,0.658,0,0,0.853,0,0.643,0,0,0,0,0,0.824,0,0.846,0.931,0,0,0,0,0,0,0,0.731,0.762,0.731,0.731,0.762,0.807,0,0,0,0,0,0,0.776,0,0,0.643,0.212,0.872,0.572,0.343,0,0.212,0,0,0,0,0,0.52,0,0,0,0,0,0.643,0,0,0.427,0,0.719,0,0
"IMMP2L",0.438,0.849,0.768,0.891,0.894,0.733,0.861,0.846,0.881,0.839,0.878,0.768,0.87,0.816,0.878,0.891,0.913,0.897,0.877,0.907,0.89,0.868,0.891,0.896,0.923,0.778,0.913,0.868,0.893,0.935,0.899,0.849,0.889,0.887,0.879,0.898,0.891,0.908,0.846,0,0.961,0.878,0.893,0.886,0.89,0.861,0.846,0.89,0.94,0.936,0.94,0.94,0.936,0.907,0.876,0.901,0.87,0.872,0.846,0.791,0.886,0.78,0.837,0.83,0.838,0.829,0.894,0.892,0.891,0.897,0.872,0.806,0.888,0.89,0.88,0.933,0.785,0.791,0.889,0.807,0.886,0.879,0.884,0.872,0.917,0.889,0.712,0.879,0.846
"KCNK2",0.976,0.954,0.949,0.954,0.956,0.945,0.954,0.931,0.977,0.863,0.943,0.946,0.953,0.969,0.945,0.954,0.965,0.958,0.942,0.96,0.954,0.937,0.953,0.957,0.974,0.809,0.964,0.937,0.954,0.716,0.959,0.941,0.952,0.951,0.946,0.957,0.954,0.962,0.931,0.961,0,0.944,0.955,0.95,0.954,0.932,0.931,0.954,0.98,0.98,0.98,0.98,0.98,0.96,0.942,0.959,0.94,0.942,0.931,0.903,0.95,0.896,0.959,0.972,0.967,0.975,0.952,0.954,0.954,0.958,0.94,0.953,0.952,0.953,0.947,0.982,0.95,0.918,0.952,0.951,0.951,0.945,0.949,0.729,0.972,0.952,0.969,0.946,0.931
"LIMD2",0.607,0.327,0.429,0.544,0.537,0.416,0.315,0,0.527,0.649,0.326,0.519,0.309,0.774,0.184,0.502,0.685,0.536,0.364,0.843,0.585,0.263,0.353,0.376,0.883,0.43,0.783,0.263,0.556,0.906,0.587,0.433,0.534,0.536,0.449,0.573,0.544,0.869,0,0.878,0.944,0,0.412,0.452,0.391,0.376,0,0.585,0.786,0.762,0.786,0.786,0.762,0.843,0.363,0.584,0.385,0.303,0,0.467,0.825,0.207,0.6,0.612,0.488,0.895,0.64,0.632,0.548,0.621,0.228,0.474,0.342,0.483,0.312,0.52,0.323,0.39,0.346,0.295,0.403,0.481,0.299,0.409,0.427,0.439,0.602,0.334,0
"LMX1A",0.738,0.491,0.524,0.0580000000000001,0.101,0.556,0.499,0,0.654,0.687,0.552,0.642,0.495,0.662,0.432,0.618,0.257,0.196,0.575,0.336,0.111,0.512,0.374,0.503,0.883,0.557,0.823,0.512,0.162,0.913,0.128,0.543,0.102,0.121,0.131,0.0679999999999999,0.0580000000000001,0.883,0,0.893,0.955,0.412,0,0.459,0.525,0.583,0,0.111,0.787,0.723,0.787,0.787,0.723,0.336,0.398,0.097,0.565,0.494,0,0.217,0.255,0.388,0.654,0.681,0.595,0.912,0.768,0.268,0.652,0.149,0.529,0.625,0.501,0.396,0.517,0.52,0.524,0.495,0.504,0.451,0.07,0.286,0.099,0.581,0.427,0.507,0.73,0.454,0
"LUC7L3",0.825,0.532,0.481,0.438,0.319,0.476,0.546,0,0.8,0.661,0.431,0.574,0.542,0.384,0.478,0.597,0.327,0.527,0.467,0.66,0.412,0.378,0.294,0.428,0.883,0.505,0.791,0.378,0.364,0.91,0.295,0.744,0.362,0.447,0.379,0.443,0.438,0.877,0,0.886,0.95,0.452,0.459,0,0.447,0.472,0,0.412,0.336,0.233,0.336,0.336,0.233,0.66,0.206,0.449,0.466,0.512,0,0.46,0.697,0.461,0.461,0.764,0.655,0.904,0.711,0.444,0.593,0.378,0.4,0.534,0.41,0.2,0.404,0.52,0.524,0.569,0.413,0.262,0.456,0.397,0.474,0.486,0.427,0.274,0.82,0.127,0
"MAGI2",0.844,0.475,0.43,0.514,0.513,0.362,0.472,0,0.819,0.615,0.367,0.494,0.477,0.81,0.411,0.521,0.698,0.566,0.394,0.866,0.551,0.328,0.46,0.377,0.883,0.412,0.802,0.328,0.526,0.911,0.555,0.749,0.507,0.511,0.444,0.538,0.514,0.88,0,0.89,0.954,0.391,0.525,0.447,0,0.398,0,0.551,0.833,0.762,0.833,0.833,0.762,0.866,0.39,0.554,0.402,0.445,0,0.439,0.836,0.386,0.559,0.794,0.62,0.91,0.735,0.64,0.518,0.618,0.344,0.463,0.338,0.471,0.353,0.52,0.447,0.495,0.367,0.465,0.519,0.759,0.469,0.418,0.427,0.424,0.838,0.364,0
"MAL2",0.804,0.513,0.441,0.574,0.56,0.429,0.514,0,0.777,0.668,0.326,0.551,0.522,0.781,0.412,0.585,0.683,0.618,0.38,0.816,0.614,0.247,0.494,0.381,0.883,0.402,0.794,0.247,0.585,0.898,0.613,0.583,0.563,0.562,0.472,0.603,0.574,0.85,0,0.861,0.932,0.376,0.583,0.472,0.398,0,0,0.614,0.778,0.762,0.778,0.778,0.762,0.816,0.371,0.607,0.268,0.362,0,0.45,0.805,0.361,0.634,0.779,0.643,0.877,0.572,0.625,0.58,0.638,0.28,0.506,0.343,0.502,0.309,0.52,0.478,0.48,0.348,0.503,0.574,0.703,0.508,0.425,0.427,0.451,0.792,0.334,0
"MEGF11",0.719,0,0,0,0,0,0,0,0.719,0,0,0,0,0.675,0,0,0.427,0,0,0.807,0,0,0,0,0.883,0,0.658,0,0,0.853,0,0.643,0,0,0,0,0,0.824,0,0.846,0.931,0,0,0,0,0,0,0,0.731,0.762,0.731,0.731,0.762,0.807,0,0,0,0,0,0,0.776,0,0,0.643,0.212,0.872,0.572,0.343,0,0.212,0,0,0,0,0,0.52,0,0,0,0,0,0.643,0,0,0.427,0,0.719,0,0
"MEOX2",0.87,0.627,0.53,0.0659999999999999,0.087,0.581,0.642,0,0.842,0.693,0.586,0.662,0.643,0.6,0.603,0.672,0.132,0.203,0.61,0.236,0,0.551,0.4,0.529,0.883,0.563,0.83,0.551,0.0610000000000001,0.91,0.04,0.758,0.048,0.069,0.109,0.048,0.0659999999999999,0.881,0,0.89,0.954,0.585,0.111,0.412,0.551,0.614,0,0,0.752,0.63,0.752,0.752,0.63,0.236,0.411,0.103,0.595,0.617,0,0.168,0.145,0.526,0.649,0.809,0.716,0.91,0.782,0.125,0.669,0.119,0.566,0.647,0.531,0.331,0.552,0.52,0.636,0.602,0.534,0.581,0.089,0.305,0.178,0.61,0.427,0.505,0.861,0.456,0
"MIR10B",0.925,0.821,0.83,0.777,0.709,0.82,0.833,0.731,0.922,0.886,0.782,0.838,0.81,0.62,0.788,0.837,0.664,0.817,0.779,0.814,0.752,0.758,0.693,0.834,0.958,0.789,0.898,0.758,0.722,0.962,0.676,0.877,0.73,0.777,0.753,0.776,0.777,0.939,0.731,0.94,0.98,0.786,0.787,0.336,0.833,0.778,0.731,0.752,0,0,0,0,0,0.814,0.636,0.78,0.8,0.802,0.731,0.776,0.849,0.759,0.733,0.885,0.879,0.959,0.842,0.766,0.85,0.712,0.77,0.809,0.816,0.585,0.794,0.925,0.819,0.816,0.816,0.513,0.786,0.651,0.796,0.783,0.889,0.651,0.921,0.541,0.731
"MIR196A1",0.919,0.762,0.762,0.723,0.536,0.762,0.762,0.762,0.919,0.762,0.762,0.762,0.762,0.536,0.762,0.762,0.536,0.715,0.762,0.791,0.63,0.762,0.63,0.762,0.962,0.762,0.855,0.762,0.629,0.947,0.536,0.857,0.63,0.723,0.723,0.723,0.723,0.929,0.762,0.936,0.98,0.762,0.723,0.233,0.762,0.762,0.762,0.63,0,0,0,0,0,0.791,0.63,0.711,0.762,0.762,0.762,0.762,0.791,0.762,0.467,0.854,0.829,0.959,0.829,0.63,0.762,0.536,0.762,0.762,0.762,0.33,0.762,0.932,0.762,0.762,0.762,0.233,0.723,0.536,0.762,0.762,0.9,0.33,0.919,0.33,0.762
"MIR21",0.925,0.821,0.83,0.777,0.709,0.82,0.833,0.731,0.922,0.886,0.782,0.838,0.81,0.62,0.788,0.837,0.664,0.817,0.779,0.814,0.752,0.758,0.693,0.834,0.958,0.789,0.898,0.758,0.722,0.962,0.676,0.877,0.73,0.777,0.753,0.776,0.777,0.939,0.731,0.94,0.98,0.786,0.787,0.336,0.833,0.778,0.731,0.752,0,0,0,0,0,0.814,0.636,0.78,0.8,0.802,0.731,0.776,0.849,0.759,0.733,0.885,0.879,0.959,0.842,0.766,0.85,0.712,0.77,0.809,0.816,0.585,0.794,0.925,0.819,0.816,0.816,0.513,0.786,0.651,0.796,0.783,0.889,0.651,0.921,0.541,0.731
"MIR495",0.925,0.821,0.83,0.777,0.709,0.82,0.833,0.731,0.922,0.886,0.782,0.838,0.81,0.62,0.788,0.837,0.664,0.817,0.779,0.814,0.752,0.758,0.693,0.834,0.958,0.789,0.898,0.758,0.722,0.962,0.676,0.877,0.73,0.777,0.753,0.776,0.777,0.939,0.731,0.94,0.98,0.786,0.787,0.336,0.833,0.778,0.731,0.752,0,0,0,0,0,0.814,0.636,0.78,0.8,0.802,0.731,0.776,0.849,0.759,0.733,0.885,0.879,0.959,0.842,0.766,0.85,0.712,0.77,0.809,0.816,0.585,0.794,0.925,0.819,0.816,0.816,0.513,0.786,0.651,0.796,0.783,0.889,0.651,0.921,0.541,0.731
"MIR654",0.919,0.762,0.762,0.723,0.536,0.762,0.762,0.762,0.919,0.762,0.762,0.762,0.762,0.536,0.762,0.762,0.536,0.715,0.762,0.791,0.63,0.762,0.63,0.762,0.962,0.762,0.855,0.762,0.629,0.947,0.536,0.857,0.63,0.723,0.723,0.723,0.723,0.929,0.762,0.936,0.98,0.762,0.723,0.233,0.762,0.762,0.762,0.63,0,0,0,0,0,0.791,0.63,0.711,0.762,0.762,0.762,0.762,0.791,0.762,0.467,0.854,0.829,0.959,0.829,0.63,0.762,0.536,0.762,0.762,0.762,0.33,0.762,0.932,0.762,0.762,0.762,0.233,0.723,0.536,0.762,0.762,0.9,0.33,0.919,0.33,0.762
"MKX",0.924,0.857,0.822,0.257,0.353,0.848,0.864,0.807,0.922,0.887,0.84,0.847,0.852,0.704,0.844,0.856,0.314,0.449,0.839,0,0.236,0.825,0.699,0.875,0.914,0.763,0.893,0.825,0.27,0.933,0.286,0.859,0.324,0.282,0.305,0.203,0.257,0.903,0.807,0.907,0.96,0.843,0.336,0.66,0.866,0.816,0.807,0.236,0.814,0.791,0.814,0.814,0.791,0,0.638,0.305,0.834,0.839,0.807,0.238,0.083,0.759,0.844,0.899,0.89,0.924,0.864,0.308,0.866,0.319,0.832,0.85,0.863,0.539,0.847,0.925,0.856,0.797,0.864,0.812,0.283,0.459,0.283,0.833,0.907,0.811,0.914,0.775,0.807
"MNDA",0.806,0.498,0.432,0.363,0.328,0.419,0.503,0,0.778,0.662,0.308,0.54,0.505,0.472,0.399,0.576,0.37,0.501,0.363,0.638,0.411,0.23,0.307,0.373,0.883,0.437,0.789,0.23,0.389,0.908,0.285,0.727,0.352,0.385,0.258,0.375,0.363,0.868,0,0.876,0.942,0.363,0.398,0.206,0.39,0.371,0,0.411,0.636,0.63,0.636,0.636,0.63,0.638,0,0.394,0.382,0.458,0,0.38,0.695,0.39,0.578,0.769,0.637,0.892,0.689,0.472,0.57,0.396,0.263,0.485,0.334,0.317,0.296,0.52,0.464,0.547,0.339,0.428,0.396,0.474,0.398,0.411,0.427,0.381,0.799,0.23,0
"MSX1",0.875,0.622,0.547,0.0580000000000001,0.093,0.58,0.631,0,0.851,0.685,0.584,0.648,0.635,0.636,0.599,0.659,0.235,0.22,0.604,0.305,0.103,0.556,0.437,0.534,0.883,0.573,0.833,0.556,0.147,0.917,0.118,0.776,0.101,0.111,0.122,0.0629999999999999,0.0580000000000001,0.892,0,0.901,0.959,0.584,0.097,0.449,0.554,0.607,0,0.103,0.78,0.711,0.78,0.78,0.711,0.305,0.394,0,0.592,0.61,0,0.187,0.247,0.541,0.639,0.815,0.712,0.92,0.788,0.241,0.656,0.143,0.567,0.637,0.538,0.367,0.556,0.52,0.626,0.606,0.54,0.579,0.156,0.432,0.195,0.604,0.427,0.51,0.868,0.47,0
"NEFM",0.82,0.502,0.439,0.556,0.546,0.428,0.502,0,0.792,0.656,0.346,0.533,0.509,0.793,0.415,0.566,0.689,0.603,0.389,0.834,0.595,0.283,0.485,0.386,0.883,0.406,0.797,0.283,0.567,0.901,0.596,0.612,0.546,0.547,0.465,0.584,0.556,0.86,0,0.87,0.94,0.385,0.565,0.466,0.402,0.268,0,0.595,0.8,0.762,0.8,0.8,0.762,0.834,0.382,0.592,0,0.372,0,0.446,0.815,0.37,0.611,0.784,0.604,0.888,0.612,0.631,0.561,0.633,0.309,0.493,0.354,0.494,0.329,0.52,0.469,0.373,0.358,0.492,0.557,0.723,0.497,0.425,0,0.449,0.811,0.348,0
"NID2",0.699,0.43,0.479,0.587,0.573,0.474,0.446,0,0.645,0.648,0.427,0.571,0.427,0.787,0.334,0.565,0.703,0.584,0.463,0.839,0.617,0.375,0.453,0.426,0.883,0.467,0.789,0.375,0.594,0.9,0.616,0.434,0.578,0.576,0.518,0.609,0.587,0.861,0,0.872,0.942,0.303,0.494,0.512,0.445,0.362,0,0.617,0.802,0.762,0.802,0.802,0.762,0.839,0.458,0.61,0.372,0,0,0.495,0.816,0.306,0.633,0.679,0.561,0.891,0.295,0.656,0.591,0.636,0.397,0.541,0.407,0.528,0.401,0.52,0.449,0.412,0.411,0.412,0.487,0.565,0.416,0.483,0.427,0.484,0.692,0.408,0
"NIPSNAP1",0.719,0,0,0,0,0,0,0,0.719,0,0,0,0,0.675,0,0,0.427,0,0,0.807,0,0,0,0,0.883,0,0.658,0,0,0.853,0,0.643,0,0,0,0,0,0.824,0,0.846,0.931,0,0,0,0,0,0,0,0.731,0.762,0.731,0.731,0.762,0.807,0,0,0,0,0,0,0.776,0,0,0.643,0.212,0.872,0.572,0.343,0,0.212,0,0,0,0,0,0.52,0,0,0,0,0,0.643,0,0,0.427,0,0.719,0,0
"NKX2-4",0.798,0.537,0.448,0.169,0.214,0.447,0.538,0,0.776,0.601,0.448,0.516,0.548,0.677,0.493,0.553,0.309,0.284,0.485,0.238,0.168,0.396,0.465,0.438,0.736,0.329,0.73,0.396,0.189,0.822,0.216,0.642,0.222,0.163,0.179,0.135,0.169,0.767,0,0.791,0.903,0.467,0.217,0.46,0.439,0.45,0,0.168,0.776,0.762,0.776,0.776,0.762,0.238,0.38,0.187,0.446,0.495,0,0,0.226,0.316,0.588,0.757,0.621,0.801,0.685,0.232,0.555,0.244,0.418,0.538,0.421,0.335,0.419,0.52,0.521,0.42,0.425,0.525,0.175,0.461,0.147,0.482,0.427,0.457,0.782,0.397,0
"NKX2-6",0.911,0.835,0.771,0.189,0.276,0.822,0.837,0.776,0.903,0.857,0.825,0.823,0.833,0.764,0.823,0.834,0.299,0.369,0.825,0.083,0.145,0.813,0.722,0.846,0.883,0.705,0.875,0.813,0.206,0.91,0.23,0.814,0.241,0.212,0.284,0.152,0.189,0.877,0.776,0.886,0.95,0.825,0.255,0.697,0.836,0.805,0.776,0.145,0.849,0.791,0.849,0.849,0.791,0.083,0.695,0.247,0.815,0.816,0.776,0.226,0,0.703,0.826,0.881,0.866,0.903,0.85,0.247,0.838,0.254,0.818,0.833,0.836,0.555,0.826,0.893,0.833,0.74,0.837,0.803,0.227,0.353,0.266,0.817,0.872,0.797,0.897,0.774,0.776
"NPTX2",0.585,0.334,0.407,0.503,0.504,0.388,0.321,0,0.518,0.575,0.36,0.449,0.319,0.722,0.233,0.449,0.656,0.485,0.391,0.759,0.526,0.307,0.38,0.39,0.736,0.283,0.688,0.307,0.518,0.814,0.553,0.355,0.494,0.5,0.431,0.533,0.503,0.754,0,0.78,0.896,0.207,0.388,0.461,0.386,0.361,0,0.526,0.759,0.762,0.759,0.759,0.762,0.759,0.39,0.541,0.37,0.306,0,0.316,0.703,0,0.544,0.578,0.455,0.79,0.615,0.574,0.496,0.573,0.329,0.46,0.362,0.47,0.343,0.52,0.334,0.258,0.366,0.309,0.371,0.432,0.302,0.406,0.427,0.428,0.573,0.358,0
"NSUN4",0.847,0.616,0.563,0.655,0.596,0.496,0.651,0,0.819,0.669,0.603,0.628,0.611,0.756,0.62,0.692,0.661,0.666,0.63,0.844,0.649,0.563,0.599,0.534,0.883,0.587,0.848,0.563,0.63,0.919,0.606,0.769,0.632,0.643,0.63,0.66,0.655,0.893,0,0.837,0.959,0.6,0.654,0.461,0.559,0.634,0,0.649,0.733,0.467,0.733,0.733,0.467,0.844,0.578,0.639,0.611,0.633,0,0.588,0.826,0.544,0,0.771,0.721,0.792,0.806,0.671,0.689,0.643,0.58,0.665,0.538,0.515,0.563,0.52,0.605,0.621,0.542,0.532,0.65,0.719,0.648,0.627,0.427,0.5,0.752,0.445,0
"PCK1",0.672,0.522,0.757,0.807,0.795,0.724,0.623,0.643,0.635,0.765,0.779,0.768,0.438,0.842,0.612,0.763,0.838,0.747,0.71,0.899,0.809,0.766,0.679,0.793,0.934,0.752,0.876,0.766,0.799,0.945,0.799,0.448,0.799,0.796,0.79,0.813,0.807,0.922,0.643,0.83,0.972,0.612,0.681,0.764,0.794,0.779,0.643,0.809,0.885,0.854,0.885,0.885,0.854,0.899,0.769,0.815,0.784,0.679,0.643,0.757,0.881,0.578,0.771,0,0.621,0.885,0.836,0.841,0.812,0.797,0.772,0.551,0.784,0.78,0.778,0.868,0.639,0.459,0.784,0.634,0.677,0.622,0.645,0.774,0.827,0.755,0.633,0.757,0.643
"PDE4B",0.737,0.448,0.61,0.701,0.687,0.624,0.555,0.212,0.678,0.632,0.624,0.674,0.443,0.827,0.503,0.66,0.792,0.666,0.619,0.89,0.716,0.595,0.59,0.605,0.914,0.606,0.858,0.595,0.701,0.932,0.713,0.579,0.694,0.692,0.666,0.713,0.701,0.906,0.212,0.838,0.967,0.488,0.595,0.655,0.62,0.643,0.212,0.716,0.879,0.829,0.879,0.879,0.829,0.89,0.637,0.712,0.604,0.561,0.212,0.621,0.866,0.455,0.721,0.621,0,0.924,0.814,0.757,0.703,0.737,0.604,0.596,0.6,0.643,0.606,0.665,0.582,0.483,0.6,0.515,0.591,0.655,0.548,0.646,0.34,0.579,0.745,0.597,0.212
"PIGB",0.904,0.877,0.874,0.91,0.914,0.778,0.895,0.872,0.913,0.884,0.893,0.81,0.847,0.919,0.895,0.91,0.933,0.917,0.892,0.924,0.91,0.884,0.909,0.915,0.947,0.784,0.932,0.884,0.911,0.952,0.919,0.871,0.908,0.906,0.896,0.916,0.91,0.926,0.872,0.829,0.975,0.895,0.912,0.904,0.91,0.877,0.872,0.91,0.959,0.959,0.959,0.959,0.959,0.924,0.892,0.92,0.888,0.891,0.872,0.801,0.903,0.79,0.792,0.885,0.924,0,0.911,0.911,0.91,0.917,0.888,0.897,0.907,0.909,0.897,0.959,0.838,0.823,0.907,0.893,0.905,0.896,0.902,0.889,0.943,0.908,0.772,0.897,0.872
"PODN",0.86,0.752,0.742,0.773,0.767,0.731,0.746,0.572,0.841,0.8,0.694,0.769,0.748,0.836,0.687,0.781,0.806,0.787,0.693,0.864,0.782,0.66,0.704,0.734,0.914,0.669,0.844,0.66,0.768,0.924,0.776,0.679,0.765,0.75,0.732,0.784,0.773,0.887,0.572,0.894,0.952,0.64,0.768,0.711,0.735,0.572,0.572,0.782,0.842,0.829,0.842,0.842,0.829,0.864,0.689,0.788,0.612,0.295,0.572,0.685,0.85,0.615,0.806,0.836,0.814,0.911,0,0.799,0.776,0.77,0.675,0.757,0.715,0.74,0.695,0.818,0.738,0.682,0.716,0.734,0.76,0.774,0.738,0.692,0.773,0.734,0.849,0.688,0.572
"POU3F3",0.887,0.672,0.581,0.22,0.165,0.605,0.68,0.343,0.88,0.734,0.62,0.676,0.669,0.638,0.645,0.689,0.233,0.328,0.634,0.308,0.125,0.592,0.453,0.553,0.883,0.584,0.841,0.592,0.163,0.912,0.164,0.799,0.2,0.226,0.239,0.187,0.22,0.882,0.343,0.892,0.954,0.632,0.268,0.444,0.64,0.625,0.343,0.125,0.766,0.63,0.766,0.766,0.63,0.308,0.472,0.241,0.631,0.656,0.343,0.232,0.247,0.574,0.671,0.841,0.757,0.911,0.799,0,0.696,0.224,0.605,0.66,0.621,0.35,0.613,0.756,0.663,0.633,0.579,0.614,0.197,0.378,0.257,0.64,0.681,0.581,0.879,0.504,0.343
"PRLHR",0.863,0.61,0.549,0.652,0.629,0.551,0.621,0,0.831,0.691,0.544,0.646,0.627,0.839,0.571,0.349,0.738,0.586,0.575,0.866,0.669,0.499,0.608,0.495,0.514,0.538,0.285,0.499,0.653,0.658,0.664,0.753,0.645,0.637,0.609,0.667,0.652,0.544,0,0.891,0.954,0.548,0.652,0.593,0.518,0.58,0,0.669,0.85,0.762,0.85,0.85,0.762,0.866,0.57,0.656,0.561,0.591,0,0.555,0.838,0.496,0.689,0.812,0.703,0.91,0.776,0.696,0,0.683,0.518,0.629,0.491,0.593,0.506,0.52,0.612,0.594,0.495,0.614,0.645,0.771,0.617,0.579,0.427,0.547,0.852,0.501,0
"PTF1A",0.865,0.652,0.605,0.111,0.109,0.629,0.659,0.212,0.84,0.719,0.625,0.678,0.656,0.541,0.626,0.686,0.176,0.268,0.634,0.319,0.119,0.6,0.423,0.588,0.883,0.611,0.821,0.6,0.143,0.915,0.098,0.768,0.14,0.081,0.194,0.101,0.111,0.888,0.212,0.897,0.958,0.621,0.149,0.378,0.618,0.638,0.212,0.119,0.712,0.536,0.712,0.712,0.536,0.319,0.396,0.143,0.633,0.636,0.212,0.244,0.254,0.573,0.643,0.797,0.737,0.917,0.77,0.224,0.683,0,0.611,0.662,0.602,0.344,0.608,0.665,0.656,0.634,0.604,0.58,0.195,0.374,0.253,0.632,0.583,0.531,0.858,0.487,0.212
"RUSC1",0.795,0.451,0.387,0.512,0.512,0.367,0.442,0,0.772,0.645,0.217,0.479,0.45,0.766,0.326,0.523,0.667,0.582,0.271,0.832,0.566,0.139,0.422,0.333,0.883,0.364,0.782,0.139,0.531,0.905,0.57,0.721,0.501,0.508,0.386,0.549,0.512,0.864,0,0.872,0.94,0.228,0.529,0.4,0.344,0.28,0,0.566,0.77,0.762,0.77,0.77,0.762,0.832,0.263,0.567,0.309,0.397,0,0.418,0.818,0.329,0.58,0.772,0.604,0.888,0.675,0.605,0.518,0.611,0,0.419,0.282,0.448,0.223,0.52,0.391,0.506,0.287,0.431,0.519,0.705,0.436,0.338,0.427,0.403,0.789,0.262,0
"SAR1A",0.804,0.451,0.495,0.624,0.594,0.489,0.58,0,0.797,0.544,0.456,0.6,0.458,0.787,0.504,0.627,0.704,0.642,0.484,0.85,0.647,0.393,0.558,0.441,0.883,0.512,0.822,0.393,0.623,0.916,0.64,0.743,0.61,0.608,0.556,0.645,0.624,0.885,0,0.806,0.953,0.474,0.625,0.534,0.463,0.506,0,0.647,0.809,0.762,0.809,0.809,0.762,0.85,0.485,0.637,0.493,0.541,0,0.538,0.833,0.46,0.665,0.551,0.596,0.897,0.757,0.66,0.629,0.662,0.419,0,0.423,0.547,0.42,0.52,0.561,0.217,0.427,0.552,0.617,0.736,0.574,0.517,0.427,0.478,0.816,0.416,0
"SCT",0.829,0.444,0.385,0.487,0.491,0.385,0.438,0,0.805,0.615,0.2,0.462,0.443,0.795,0.364,0.495,0.682,0.551,0.339,0.863,0.531,0.263,0.424,0.209,0.883,0.388,0.791,0.263,0.503,0.911,0.537,0.748,0.479,0.486,0.402,0.516,0.487,0.879,0,0.888,0.952,0.342,0.501,0.41,0.338,0.343,0,0.531,0.816,0.762,0.816,0.816,0.762,0.863,0.334,0.538,0.354,0.407,0,0.421,0.836,0.362,0.538,0.784,0.6,0.907,0.715,0.621,0.491,0.602,0.282,0.423,0,0.441,0.277,0.37,0.405,0.485,0.147,0.43,0.495,0.748,0.434,0.372,0.427,0.408,0.825,0.318,0
"SUB1",0.844,0.543,0.36,0.373,0.312,0.458,0.555,0,0.819,0.64,0.469,0.577,0.552,0.544,0.503,0.596,0.343,0.452,0.498,0.539,0.331,0.432,0.376,0.441,0.883,0.505,0.805,0.432,0.314,0.911,0.284,0.753,0.376,0.351,0.37,0.328,0.373,0.881,0,0.89,0.953,0.483,0.396,0.2,0.471,0.502,0,0.331,0.585,0.33,0.585,0.585,0.33,0.539,0.317,0.367,0.494,0.528,0,0.335,0.555,0.47,0.515,0.78,0.643,0.909,0.74,0.35,0.593,0.344,0.448,0.547,0.441,0,0.446,0.52,0.539,0.558,0.443,0.413,0.345,0.483,0.35,0.51,0.427,0.337,0.838,0.265,0
"SYTL1",0.813,0.448,0.391,0.502,0.503,0.322,0.44,0,0.788,0.629,0.259,0.471,0.447,0.781,0.343,0.511,0.675,0.57,0.303,0.847,0.552,0.196,0.423,0.324,0.883,0.374,0.787,0.196,0.519,0.908,0.557,0.733,0.492,0.499,0.393,0.536,0.502,0.871,0,0.88,0.947,0.312,0.517,0.404,0.353,0.309,0,0.552,0.794,0.762,0.794,0.794,0.762,0.847,0.296,0.556,0.329,0.401,0,0.419,0.826,0.343,0.563,0.778,0.606,0.897,0.695,0.613,0.506,0.608,0.223,0.42,0.277,0.446,0,0.52,0.397,0.497,0.304,0.43,0.509,0.726,0.435,0.353,0.427,0.394,0.808,0.286,0
"TAC1",0.922,0.52,0.52,0.52,0.52,0.52,0.52,0.52,0.922,0.52,0.52,0.52,0.52,0.878,0.52,0.52,0.816,0.52,0.52,0.925,0.52,0.52,0.52,0.446,0.962,0.52,0.85,0.52,0.52,0.945,0.52,0.838,0.52,0.52,0.52,0.52,0.52,0.925,0.52,0.933,0.982,0.52,0.52,0.52,0.52,0.52,0.52,0.52,0.925,0.932,0.925,0.925,0.932,0.925,0.52,0.52,0.52,0.52,0.52,0.52,0.893,0.52,0.52,0.868,0.665,0.959,0.818,0.756,0.52,0.665,0.52,0.52,0.37,0.52,0.52,0,0.52,0.52,0.52,0.52,0.52,0.868,0.52,0.52,0.816,0.52,0.922,0.52,0.52
"TRIM59",0.468,0.447,0.447,0.607,0.587,0.345,0.297,0,0.465,0.667,0.428,0.578,0.431,0.808,0.353,0.594,0.709,0.524,0.471,0.856,0.636,0.365,0.338,0.426,0.883,0.493,0.812,0.365,0.613,0.912,0.633,0.552,0.597,0.593,0.533,0.629,0.607,0.878,0,0.785,0.95,0.323,0.524,0.524,0.447,0.478,0,0.636,0.819,0.762,0.819,0.819,0.762,0.856,0.464,0.626,0.469,0.449,0,0.521,0.833,0.334,0.605,0.639,0.582,0.838,0.738,0.663,0.612,0.656,0.391,0.561,0.405,0.539,0.397,0.52,0,0.49,0.409,0.437,0.516,0.595,0.444,0.493,0.427,0.489,0.238,0.406,0
