"","ABI3BP","ACADM","ADH1B","ADORA2B","ALDH3A1","ANGPT4","APEH","APLNR","ARL6IP5","ASCL2","B3GNT3","BARX2","C3AR1","CAP2","CCND1","CCR5","CD53","CD79A","CEP135","CHRNA6","CLEC9A","COL9A1","CPT1C","CR2","CRTC1","CSF2","CSMD1","CSRP1","CXXC5","CYP1A1","DCAF4","DCPS","DGKA","DLX5","DSC3","E2F5","EDN2","EDNRA","EGF","EHD2","ELN","EMILIN3","ERRFI1","ETV5","FAAH","FAM107A","FBXO39","FCRL3","FGF12","FN3K","FOXD2","GBA3","GFRA3","GLP1R","GNMT","GRB7","HDAC1","HDAC10","HLA-B","HLA-F","HOXA3","HOXB3","HOXC4","HTR4","IL15RA","IL1R2","IL22","IMPACT","INS-IGF2","IRX2","IVL","JMJD8","KCNE3","KCNJ8","LAMC2","LCOR","LETM1","LRIG3","LRRC26","LTF","LY6E","MAST2","MCM7","MGST1","MIB2","MIIP","MIR210","MIR346","MIR492","MIR708","MST1","MTMR7","MUC1","MUC12","MYCBPAP","MYL6B","NAPSA","NEFM","NFAT5","NFKBIA","NIT2","NKX2-2","NNT","NUP153","PCSK2","PCYT2","PHLDA2","PLXNB1","POMC","PRKAA2","PSD3","PTBP1","PTCRA","PTF1A","PTK2B","PTPRH","PTS","RAB36","RAB6B","RAI14","RFC3","RGS2","RGS6","RHOJ","RIMS1","RING1","RPLP2","RTEL1","S100A2","S100A4","SALL1","SALL3","SEMA3B","SEMA3C","SLC13A5","SLC16A1","SLC38A3","SLC39A7","SLC4A1","SLITRK3","SNAP25","SNRNP25","SOX1","SOX21","SP140","SPAG6","SRRT","ST6GALNAC2","STAT4","STC1","STX6","TBX5","TESC","TGM2","TNFRSF9","TP73","TRAF7","TTPAL","UNC93A","VANGL2","VWCE","WFDC5","YIPF1","YWHAH","ZBTB32","ZBTB7C","ZMYND8","ZNF513"
"ABI3BP",0,0.824,0.872,0.776,0.776,0.892,0.776,0.776,0.533,0.824,0.894,0.776,0.853,0.776,0.776,0.776,0.776,0.776,0.776,0.776,0.776,0,0.776,0.776,0.776,0.776,0.776,0.457,0.853,0.776,0.776,0.776,0.776,0.824,0.824,0.776,0.893,0.776,0.776,0.776,0,0.313,0.776,0.776,0.776,0.533,0.776,0.824,0.776,0.853,0.776,0.776,0.776,0.776,0.776,0.776,0.776,0.776,0.776,0.776,0.776,0.824,0.776,0.776,0.776,0.776,0.776,0.533,0.894,0.776,0.694,0.776,0.776,0.776,0,0.776,0.776,0.776,0.776,0.776,0.776,0.776,0.776,0.776,0.776,0.776,0.889,0.889,0.902,0.889,0.776,0.776,0.776,0.533,0.776,0.457,0.776,0.457,0.776,0.776,0.872,0.776,0.872,0.457,0.776,0.776,0.776,0.776,0.776,0.776,0.872,0.776,0.776,0.776,0.776,0.776,0.776,0.776,0.776,0.776,0.776,0.776,0.776,0.776,0.776,0.776,0.457,0.776,0.776,0.776,0.776,0.824,0.853,0.853,0.776,0.776,0.894,0.776,0.776,0.776,0.694,0.776,0.776,0.776,0.776,0.872,0.776,0.853,0.776,0.776,0.776,0.776,0.776,0.776,0.776,0.776,0.776,0.884,0.533,0.776,0.533,0.776,0.776,0.776,0.776,0.533,0.776,0.776
"ACADM",0.824,0,0.753,0.672,0.62,0.825,0.539,0.664,0.529,0.759,0.883,0.671,0.914,0.464,0.606,0.622,0.449,0.561,0.212,0.683,0.572,0.652,0.633,0.599,0.582,0.605,0.212,0.623,0.659,0.581,0.212,0.613,0.67,0.773,0.689,0.668,0.792,0.673,0.689,0.443,0.648,0.511,0.61,0.701,0.583,0.527,0.212,0.695,0.602,0.716,0.707,0.716,0.627,0.705,0.516,0.509,0.656,0.647,0.536,0.531,0.638,0.867,0.678,0.671,0.663,0.664,0.592,0.552,0.651,0.686,0.59,0.212,0.677,0.662,0.81,0.606,0.672,0.212,0.673,0.703,0.636,0.595,0.621,0.584,0.644,0.212,0.833,0.833,0.777,0.833,0.59,0.703,0.621,0.62,0.568,0.672,0.646,0.616,0.672,0.508,0.866,0.699,0.594,0.587,0.628,0.626,0.613,0.648,0.587,0.686,0.907,0.634,0.212,0.715,0.62,0.614,0.523,0.577,0.578,0.569,0.661,0.633,0.669,0.577,0.607,0.658,0.622,0.604,0.53,0.505,0.659,0.811,0.727,0.727,0.743,0.67,0.957,0.639,0.687,0.212,0.595,0.212,0.689,0.802,0.634,0.583,0.626,0.844,0.578,0.478,0.584,0.683,0.656,0.688,0.622,0.591,0.634,0.8,0.62,0.212,0.564,0.212,0.582,0.5,0.682,0.72,0.608,0.622
"ADH1B",0.872,0.753,0,0.846,0.675,0.925,0.819,0.838,0.717,0.9,0.901,0.847,0.94,0.815,0.825,0.86,0.801,0.838,0.719,0.854,0.719,0.696,0.824,0.838,0.817,0.843,0.719,0.634,0.645,0.686,0.719,0.851,0.744,0.906,0.706,0.848,0.929,0.844,0.808,0.721,0.816,0.82,0.845,0.868,0.821,0.739,0.719,0.885,0.83,0.843,0.867,0.84,0.829,0.856,0.763,0.825,0.855,0.678,0.805,0.814,0.843,0.922,0.862,0.844,0.853,0.853,0.832,0.755,0.902,0.86,0.78,0.719,0.859,0.879,0.861,0.853,0.745,0.719,0.856,0.769,0.829,0.773,0.837,0.76,0.626,0.719,0.932,0.932,0.919,0.932,0.818,0.846,0.833,0.704,0.8,0.737,0.799,0.826,0.845,0.831,0.887,0.864,0.826,0.739,0.819,0.817,0.817,0.848,0.852,0.771,0.943,0.847,0.719,0.863,0.845,0.826,0.674,0.833,0.84,0.811,0.838,0.847,0.841,0.833,0.727,0.7,0.815,0.744,0.581,0.687,0.739,0.71,0.896,0.896,0.884,0.874,0.973,0.833,0.878,0.719,0.801,0.719,0.858,0.893,0.691,0.884,0.825,0.864,0.84,0.817,0.823,0.863,0.732,0.787,0.815,0.791,0.546,0.907,0.704,0.719,0.628,0.719,0.817,0.831,0.679,0.654,0.68,0.692
"ADORA2B",0.776,0.672,0.846,0,0.682,0.763,0.547,0.24,0.382,0.707,0.911,0.61,0.351,0.375,0.497,0.418,0.387,0.257,0,0.399,0.457,0.553,0.527,0.3,0.43,0.468,0,0.53,0.675,0.686,0,0.605,0.719,0.726,0.582,0.574,0.692,0.342,0.592,0.539,0.543,0.464,0.475,0.655,0.571,0.375,0,0.328,0.47,0.869,0.647,0.698,0.241,0.252,0.563,0.46,0.586,0.612,0.377,0.371,0.528,0.851,0.592,0.281,0.334,0.376,0.446,0.413,0.526,0.617,0.459,0,0.581,0.656,0.763,0.491,0.571,0,0.576,0.646,0.521,0.58,0.66,0.572,0.568,0,0.824,0.824,0.762,0.824,0.448,0.662,0.507,0.533,0.418,0.583,0.619,0.488,0.585,0.416,0.898,0.627,0.828,0.554,0.525,0.522,0.483,0.276,0.437,0.719,0.872,0.58,0,0.666,0.579,0.388,0.493,0.58,0.558,0.414,0.624,0.522,0.583,0.58,0.504,0.571,0.5,0.603,0.474,0.443,0.565,0.786,0.611,0.611,0.678,0.657,0.945,0.525,0.621,0,0.469,0,0.631,0.794,0.552,0.427,0.553,0.884,0.543,0.41,0.443,0.619,0.588,0.725,0.223,0.517,0.552,0.719,0.533,0,0.433,0,0.43,0.388,0.62,0.674,0.478,0.547
"ALDH3A1",0.776,0.62,0.675,0.682,0,0.837,0.628,0.676,0.521,0.758,0.891,0.676,0.908,0.531,0.565,0.626,0.579,0.635,0,0.694,0.457,0.647,0.666,0.615,0.606,0.596,0,0.63,0.757,0.559,0,0.675,0.745,0.777,0.712,0.655,0.795,0.69,0.657,0.55,0.65,0.608,0.59,0.707,0.648,0.501,0,0.668,0.598,0.833,0.705,0.739,0.626,0.698,0.646,0.579,0.6,0.629,0.519,0.492,0.639,0.877,0.669,0.682,0.66,0.662,0.597,0.515,0.526,0.693,0.604,0,0.667,0.712,0.814,0.578,0.669,0,0.664,0.699,0.662,0.649,0.698,0.605,0.644,0,0.879,0.879,0.762,0.879,0.617,0.72,0.624,0.533,0.578,0.678,0.662,0.624,0.652,0.537,0.874,0.7,0.763,0.634,0.663,0.663,0.638,0.628,0.543,0.731,0.872,0.66,0,0.715,0.649,0.629,0.611,0.686,0.66,0.595,0.694,0.609,0.688,0.686,0.602,0.659,0.649,0.652,0.601,0.557,0.648,0.833,0.737,0.737,0.738,0.705,0.95,0.665,0.673,0,0.563,0,0.698,0.822,0.656,0.427,0.647,0.847,0.64,0.573,0.58,0.679,0.666,0.732,0.649,0.577,0.651,0.719,0.533,0,0.54,0,0.606,0.484,0.689,0.697,0.575,0.652
"ANGPT4",0.892,0.825,0.925,0.763,0.837,0,0.759,0.755,0.653,0.854,0.954,0.798,0.942,0.642,0.594,0.785,0.642,0.51,0.516,0.771,0.737,0.76,0.725,0.756,0.672,0.606,0.516,0.753,0.833,0.839,0.516,0.794,0.855,0.864,0.764,0.777,0.666,0.769,0.529,0.762,0.748,0.698,0.561,0.824,0.776,0.664,0.516,0.561,0.634,0.928,0.819,0.847,0.671,0.798,0.766,0.626,0.78,0.771,0.614,0.634,0.746,0.924,0.789,0.761,0.658,0.762,0.591,0.693,0.648,0.798,0.687,0.516,0.759,0.802,0.863,0.685,0.77,0.516,0.745,0.708,0.642,0.772,0.824,0.759,0.774,0.516,0.908,0.908,0.898,0.908,0.355,0.823,0.691,0.776,0.673,0.775,0.792,0.716,0.787,0.66,0.946,0.802,0.908,0.771,0.722,0.722,0.7,0.679,0.579,0.858,0.818,0.784,0.516,0.834,0.757,0.72,0.725,0.764,0.763,0.66,0.799,0.692,0.678,0.764,0.695,0.73,0.706,0.786,0.717,0.688,0.773,0.889,0.589,0.589,0.828,0.824,0.972,0.724,0.81,0.516,0.724,0.516,0.807,0.896,0.757,0.756,0.761,0.938,0.756,0.598,0.699,0.808,0.7,0.864,0.706,0.722,0.752,0.886,0.776,0.516,0.696,0.516,0.648,0.636,0.803,0.839,0.713,0.754
"APEH",0.776,0.539,0.819,0.547,0.628,0.759,0,0.54,0.417,0.605,0.854,0.488,0.895,0.348,0.454,0.508,0.349,0.463,0,0.561,0.457,0.535,0.507,0.446,0.44,0.467,0,0.382,0.573,0.617,0,0.418,0.682,0.634,0.584,0.534,0.712,0.531,0.572,0.316,0.526,0.411,0.473,0.517,0.445,0.407,0,0.59,0.468,0.74,0.537,0.559,0.499,0.592,0.491,0.284,0.472,0.453,0.395,0.386,0.49,0.807,0.52,0.547,0.537,0.539,0.451,0.434,0.526,0.513,0.464,0,0.558,0.617,0.77,0.43,0.548,0,0.554,0.395,0.505,0.506,0.487,0.524,0.48,0,0.614,0.614,0.33,0.614,0.453,0.522,0.474,0.533,0.43,0.528,0.247,0.482,0.525,0.387,0.804,0.546,0.754,0.443,0.199,0.502,0.478,0.524,0.441,0.587,0.872,0.259,0,0.546,0.526,0.436,0.432,0.51,0.5,0.428,0.461,0.491,0.521,0.51,0.374,0.516,0.49,0.484,0.424,0.286,0.527,0.742,0.627,0.627,0.636,0.576,0.944,0.508,0.591,0,0.47,0,0.518,0.691,0.451,0.427,0.363,0.854,0.463,0.371,0.448,0.503,0.553,0.528,0.49,0.458,0.464,0.719,0.533,0,0.451,0,0.44,0.37,0.504,0.657,0.476,0.421
"APLNR",0.776,0.664,0.838,0.24,0.676,0.755,0.54,0,0.364,0.702,0.906,0.604,0.479,0.366,0.492,0.361,0.376,0.28,0,0.392,0.457,0.546,0.516,0.316,0.419,0.459,0,0.522,0.668,0.684,0,0.598,0.712,0.72,0.571,0.568,0.683,0.324,0.587,0.534,0.535,0.454,0.468,0.65,0.565,0.361,0,0.349,0.461,0.862,0.641,0.692,0.152,0.235,0.556,0.453,0.583,0.607,0.37,0.365,0.52,0.842,0.586,0.257,0.337,0.367,0.436,0.401,0.526,0.61,0.446,0,0.574,0.65,0.752,0.486,0.563,0,0.568,0.641,0.509,0.574,0.654,0.562,0.561,0,0.815,0.815,0.762,0.815,0.436,0.655,0.499,0.533,0.408,0.575,0.61,0.478,0.58,0.41,0.888,0.619,0.821,0.548,0.513,0.51,0.471,0.292,0.431,0.715,0.872,0.574,0,0.661,0.578,0.389,0.485,0.57,0.549,0.402,0.616,0.516,0.573,0.57,0.497,0.564,0.488,0.597,0.465,0.436,0.558,0.777,0.601,0.601,0.671,0.652,0.942,0.513,0.617,0,0.461,0,0.624,0.787,0.544,0.427,0.546,0.874,0.536,0.401,0.435,0.614,0.582,0.72,0.101,0.513,0.542,0.719,0.533,0,0.418,0,0.419,0.384,0.613,0.661,0.472,0.539
"ARL6IP5",0.533,0.529,0.717,0.382,0.521,0.653,0.417,0.364,0,0.616,0.792,0.506,0.741,0.238,0.393,0.466,0.186,0.356,0,0.436,0.457,0.398,0.333,0.418,0.24,0.347,0,0.4,0.592,0.567,0,0.497,0.619,0.626,0.433,0.416,0.576,0.414,0.488,0.449,0.368,0.286,0.354,0.542,0.434,0.069,0,0.454,0.315,0.745,0.521,0.533,0.325,0.474,0.468,0.356,0.529,0.494,0.261,0.279,0.384,0.715,0.474,0.385,0.403,0.406,0.297,0.164,0.526,0.484,0.185,0,0.442,0.552,0.596,0.404,0.457,0,0.433,0.554,0.321,0.484,0.557,0.382,0.439,0,0.741,0.741,0.762,0.741,0.262,0.504,0.362,0,0.263,0.416,0.449,0.299,0.465,0.32,0.746,0.496,0.728,0.434,0.33,0.315,0.305,0.391,0.353,0.617,0.704,0.504,0,0.578,0.512,0.34,0.349,0.426,0.426,0.219,0.504,0.397,0.404,0.426,0.395,0.439,0.266,0.517,0.354,0.349,0.442,0.667,0.471,0.471,0.556,0.556,0.885,0.324,0.513,0,0.307,0,0.486,0.652,0.412,0.427,0.427,0.725,0.386,0.254,0.285,0.503,0.479,0.594,0.266,0.432,0.392,0.719,0,0,0.138,0,0.24,0.304,0.504,0.434,0.379,0.44
"ASCL2",0.824,0.759,0.9,0.707,0.758,0.854,0.605,0.702,0.616,0,0.941,0.165,0.925,0.608,0.627,0.69,0.63,0.678,0.212,0.715,0.572,0.689,0.69,0.522,0.651,0.655,0.212,0.598,0.534,0.748,0.212,0.694,0.775,0.145,0.748,0.134,0.837,0.713,0.709,0.565,0.687,0.655,0.655,0.136,0.698,0.605,0.212,0.744,0.653,0.874,0.122,0.767,0.671,0.726,0.68,0.562,0.463,0.717,0.6,0.587,0.169,0.207,0.137,0.706,0.698,0.698,0.651,0.617,0.651,0.098,0.656,0.212,0.705,0.741,0.83,0.506,0.704,0.212,0.702,0.614,0.687,0.701,0.588,0.705,0.7,0.212,0.786,0.786,0.723,0.786,0.656,0.748,0.312,0.62,0.634,0.709,0.725,0.668,0.163,0.619,0.936,0.141,0.825,0.556,0.689,0.688,0.672,0.68,0.63,0.776,0.907,0.514,0.212,0.105,0.707,0.672,0.665,0.706,0.695,0.643,0.555,0.671,0.711,0.706,0.588,0.699,0.678,0.588,0.656,0.556,0.169,0.239,0.782,0.782,0.755,0.696,0.958,0.689,0.705,0.212,0.64,0.212,0.165,0.206,0.319,0.583,0.518,0.924,0.163,0.632,0.64,0.191,0.687,0.782,0.678,0.264,0.697,0.8,0.62,0.212,0.632,0.212,0.651,0.567,0.196,0.263,0.619,0.37
"B3GNT3",0.894,0.883,0.901,0.911,0.891,0.954,0.854,0.906,0.792,0.941,0,0.92,0.946,0.912,0.858,0.924,0.902,0.912,0.894,0.917,0.894,0.905,0.886,0.917,0.907,0.919,0.894,0.914,0.947,0.859,0.894,0.911,0.833,0.94,0.93,0.912,0.96,0.908,0.929,0.86,0.901,0.906,0.919,0.923,0.895,0.813,0.894,0.935,0.912,0.742,0.921,0.887,0.906,0.917,0.894,0.916,0.898,0.84,0.91,0.916,0.915,0.934,0.922,0.91,0.917,0.918,0.914,0.829,0.955,0.92,0.859,0.894,0.922,0.932,0.904,0.925,0.919,0.894,0.919,0.907,0.906,0.854,0.895,0.791,0.795,0.894,0.963,0.963,0.96,0.963,0.907,0.869,0.911,0.754,0.905,0.905,0.791,0.905,0.916,0.919,0.887,0.921,0.907,0.915,0.868,0.851,0.907,0.916,0.926,0.788,0.949,0.923,0.894,0.926,0.858,0.884,0.9,0.909,0.914,0.905,0.895,0.917,0.906,0.909,0.918,0.849,0.898,0.903,0.914,0.918,0.919,0.934,0.945,0.945,0.929,0.929,0.973,0.909,0.93,0.894,0.884,0.894,0.916,0.919,0.912,0.949,0.91,0.614,0.911,0.91,0.91,0.922,0.923,0.824,0.898,0.925,0.783,0.956,0.754,0.894,0.814,0.894,0.907,0.921,0.922,0.836,0.921,0.917
"BARX2",0.776,0.671,0.847,0.61,0.676,0.798,0.488,0.604,0.506,0.165,0.92,0,0.897,0.479,0.517,0.586,0.51,0.574,0,0.621,0.457,0.59,0.587,0.415,0.534,0.538,0,0.476,0.469,0.665,0,0.579,0.695,0.156,0.654,0.204,0.763,0.617,0.611,0.449,0.587,0.543,0.538,0.051,0.599,0.49,0,0.645,0.54,0.838,0.095,0.688,0.565,0.636,0.58,0.43,0.407,0.624,0.472,0.454,0.208,0.281,0.114,0.61,0.596,0.598,0.533,0.504,0.526,0.159,0.55,0,0.608,0.652,0.774,0.37,0.605,0,0.605,0.507,0.584,0.597,0.461,0.608,0.6,0,0.695,0.695,0.536,0.695,0.543,0.663,0.349,0.533,0.516,0.612,0.635,0.558,0.074,0.492,0.91,0.141,0.763,0.432,0.586,0.584,0.563,0.576,0.501,0.654,0.872,0.348,0,0.044,0.607,0.563,0.555,0.606,0.589,0.524,0.427,0.562,0.615,0.606,0.462,0.526,0.572,0.47,0.542,0.42,0.237,0.341,0.692,0.692,0.673,0.614,0.943,0.586,0.631,0,0.528,0,0.104,0.187,0.194,0.427,0.38,0.896,0.197,0.511,0.523,0.122,0.611,0.706,0.572,0.205,0.596,0.719,0.533,0,0.524,0,0.534,0.453,0.153,0.339,0.505,0.289
"C3AR1",0.853,0.914,0.94,0.351,0.908,0.942,0.895,0.479,0.741,0.925,0.946,0.897,0,0.886,0.893,0.732,0.875,0.552,0.853,0.651,0.853,0.874,0.888,0.537,0.883,0.9,0.853,0.889,0.931,0.907,0.853,0.91,0.901,0.923,0.909,0.885,0.948,0.642,0.91,0.898,0.871,0.88,0.898,0.902,0.895,0.769,0.853,0.609,0.886,0.926,0.899,0.908,0.543,0.451,0.902,0.892,0.917,0.902,0.883,0.889,0.892,0.916,0.902,0.555,0.563,0.627,0.892,0.79,0.94,0.899,0.823,0.853,0.902,0.918,0.879,0.904,0.9,0.853,0.898,0.908,0.883,0.909,0.91,0.885,0.9,0.853,0.95,0.95,0.947,0.95,0.884,0.908,0.886,0.671,0.878,0.887,0.893,0.878,0.891,0.896,0.937,0.901,0.938,0.888,0.886,0.885,0.883,0.569,0.906,0.912,0.929,0.904,0.853,0.906,0.888,0.752,0.888,0.899,0.904,0.88,0.903,0.9,0.893,0.899,0.894,0.888,0.868,0.906,0.89,0.894,0.896,0.915,0.928,0.928,0.915,0.911,0.967,0.887,0.91,0.853,0.853,0.853,0.892,0.897,0.887,0.929,0.884,0.926,0.885,0.886,0.883,0.899,0.903,0.916,0.51,0.901,0.891,0.939,0.671,0.853,0.772,0.853,0.883,0.895,0.9,0.802,0.898,0.895
"CAP2",0.776,0.464,0.815,0.375,0.531,0.642,0.348,0.366,0.238,0.608,0.912,0.479,0.886,0,0.382,0.384,0.114,0.301,0,0.39,0.457,0.4,0.302,0.394,0.221,0.306,0,0.379,0.577,0.616,0,0.419,0.66,0.647,0.421,0.434,0.613,0.385,0.474,0.39,0.372,0.219,0.331,0.532,0.389,0.155,0,0.472,0.307,0.865,0.513,0.559,0.342,0.462,0.381,0.27,0.519,0.487,0.244,0.262,0.359,0.85,0.451,0.374,0.385,0.387,0.264,0.216,0.526,0.456,0.265,0,0.424,0.521,0.732,0.381,0.397,0,0.42,0.523,0.296,0.452,0.524,0.372,0.337,0,0.791,0.791,0.762,0.791,0.236,0.497,0.341,0.533,0.24,0.407,0.438,0.3,0.467,0.232,0.897,0.465,0.795,0.39,0.3,0.297,0.264,0.401,0.322,0.622,0.872,0.44,0,0.584,0.495,0.308,0.275,0.379,0.385,0.092,0.462,0.4,0.382,0.379,0.371,0.416,0.279,0.484,0.258,0.205,0.425,0.747,0.491,0.491,0.511,0.51,0.943,0.3,0.508,0,0.351,0,0.485,0.778,0.38,0.427,0.4,0.882,0.344,0.173,0.285,0.499,0.433,0.614,0.279,0.413,0.355,0.719,0.533,0,0.303,0,0.221,0.21,0.475,0.663,0.359,0.375
"CCND1",0.776,0.606,0.825,0.497,0.565,0.594,0.454,0.492,0.393,0.627,0.858,0.517,0.893,0.382,0,0.516,0.405,0.418,0,0.506,0.457,0.496,0.457,0.489,0.425,0.444,0,0.483,0.661,0.583,0,0.524,0.574,0.666,0.569,0.47,0.706,0.501,0.48,0.483,0.486,0.442,0.359,0.536,0.501,0.389,0,0.469,0.419,0.701,0.524,0.58,0.468,0.536,0.494,0.382,0.418,0.437,0.396,0.389,0.458,0.828,0.5,0.497,0.428,0.495,0.432,0.376,0.526,0.507,0.434,0,0.496,0.568,0.764,0.305,0.47,0,0.487,0.501,0.453,0.368,0.558,0.466,0.445,0,0.831,0.831,0.762,0.831,0.405,0.529,0.355,0.533,0.419,0.505,0.462,0.454,0.491,0.364,0.891,0.513,0.809,0.504,0.443,0.429,0.448,0.469,0.429,0.303,0.745,0.516,0,0.599,0.301,0.439,0.454,0.497,0.491,0.417,0.529,0.453,0.471,0.497,0.433,0.442,0.456,0.52,0.449,0.434,0.483,0.753,0.618,0.618,0.568,0.578,0.939,0.468,0.558,0,0.446,0,0.506,0.746,0.471,0.427,0.453,0.846,0.453,0.414,0.432,0.513,0.449,0.566,0.456,0.424,0.435,0.719,0.533,0,0.417,0,0.414,0.343,0.516,0.654,0.346,0.488
"CCR5",0.776,0.622,0.86,0.418,0.626,0.785,0.508,0.361,0.466,0.69,0.924,0.586,0.732,0.384,0.516,0,0.448,0.391,0,0.489,0.457,0.553,0.542,0.347,0.502,0.51,0,0.54,0.706,0.651,0,0.541,0.717,0.729,0.631,0.565,0.765,0.308,0.577,0.492,0.548,0.479,0.511,0.615,0.498,0.404,0,0.532,0.511,0.885,0.608,0.625,0.379,0.41,0.532,0.475,0.563,0.56,0.459,0.445,0.54,0.879,0.575,0.439,0.386,0.421,0.503,0.421,0.526,0.587,0.508,0,0.568,0.613,0.795,0.515,0.562,0,0.565,0.606,0.539,0.568,0.61,0.56,0.514,0,0.861,0.861,0.762,0.861,0.509,0.562,0.53,0.533,0.49,0.567,0.558,0.523,0.572,0.449,0.904,0.592,0.842,0.529,0.535,0.54,0.523,0.421,0.484,0.665,0.872,0.568,0,0.658,0.572,0.476,0.492,0.564,0.554,0.437,0.588,0.534,0.566,0.564,0.525,0.563,0.531,0.579,0.483,0.421,0.559,0.809,0.685,0.685,0.62,0.596,0.946,0.541,0.59,0,0.501,0,0.597,0.814,0.552,0.427,0.553,0.901,0.519,0.454,0.498,0.593,0.564,0.649,0.382,0.509,0.551,0.719,0.533,0,0.483,0,0.502,0.39,0.59,0.693,0.509,0.55
"CD53",0.776,0.449,0.801,0.387,0.579,0.642,0.349,0.376,0.186,0.63,0.902,0.51,0.875,0.114,0.405,0.448,0,0.287,0,0.409,0.457,0.416,0.281,0.405,0.16,0.293,0,0.389,0.565,0.649,0,0.438,0.664,0.656,0.377,0.457,0.554,0.402,0.5,0.399,0.382,0.169,0.327,0.569,0.4,0.218,0,0.467,0.296,0.853,0.551,0.608,0.342,0.496,0.391,0.249,0.543,0.53,0.215,0.244,0.364,0.834,0.477,0.386,0.399,0.402,0.233,0.288,0.526,0.489,0.226,0,0.448,0.561,0.706,0.389,0.414,0,0.442,0.559,0.273,0.476,0.565,0.384,0.433,0,0.758,0.758,0.762,0.758,0.182,0.541,0.34,0.533,0.199,0.428,0.47,0.283,0.492,0.226,0.881,0.5,0.785,0.401,0.278,0.274,0.225,0.416,0.317,0.662,0.872,0.464,0,0.6,0.521,0.294,0.253,0.393,0.399,0.139,0.497,0.412,0.397,0.393,0.378,0.437,0.247,0.512,0.23,0.256,0.446,0.73,0.43,0.43,0.559,0.541,0.943,0.278,0.535,0,0.353,0,0.521,0.769,0.392,0.427,0.416,0.867,0.344,0.105,0.265,0.53,0.455,0.659,0.247,0.422,0.359,0.719,0.533,0,0.287,0,0.16,0.259,0.508,0.66,0.363,0.386
"CD79A",0.776,0.561,0.838,0.257,0.635,0.51,0.463,0.28,0.356,0.678,0.912,0.574,0.552,0.301,0.418,0.391,0.287,0,0,0.375,0.457,0.515,0.475,0.285,0.394,0.435,0,0.494,0.653,0.666,0,0.523,0.704,0.704,0.55,0.538,0.675,0.41,0.43,0.476,0.502,0.367,0.396,0.618,0.493,0.354,0,0.375,0.428,0.869,0.608,0.654,0.239,0.291,0.485,0.385,0.567,0.581,0.359,0.356,0.489,0.852,0.554,0.334,0.309,0.337,0.413,0.39,0.526,0.572,0.419,0,0.536,0.616,0.758,0.463,0.526,0,0.532,0.5,0.468,0.546,0.619,0.521,0.529,0,0.82,0.82,0.762,0.82,0.409,0.612,0.452,0.533,0.389,0.537,0.568,0.448,0.554,0.354,0.898,0.58,0.821,0.485,0.473,0.47,0.438,0.228,0.416,0.687,0.813,0.543,0,0.643,0.548,0.361,0.405,0.527,0.514,0.38,0.578,0.447,0.465,0.527,0.451,0.505,0.452,0.57,0.388,0.377,0.529,0.778,0.587,0.587,0.627,0.59,0.943,0.473,0.582,0,0.443,0,0.589,0.79,0.51,0.427,0.515,0.884,0.459,0.321,0.414,0.585,0.466,0.688,0.256,0.474,0.503,0.719,0.533,0,0.404,0,0.394,0.34,0.579,0.669,0.448,0.505
"CEP135",0.776,0.212,0.719,0,0,0.516,0,0,0,0.212,0.894,0,0.853,0,0,0,0,0,0,0,0.457,0,0,0,0,0,0,0,0.343,0,0,0,0.457,0.343,0.212,0,0.52,0,0,0,0,0,0,0,0,0,0,0.343,0,0.829,0,0,0,0,0,0,0,0,0,0,0,0.807,0,0,0,0,0,0,0.526,0,0,0,0,0,0.658,0,0,0,0,0,0,0,0,0,0,0,0.731,0.731,0.762,0.731,0,0,0,0.533,0,0,0,0,0,0,0.872,0,0.711,0,0,0,0,0,0,0,0.872,0,0,0.212,0,0,0,0,0,0,0,0,0,0,0,0,0,0,0,0,0,0.643,0.343,0.343,0,0,0.894,0,0,0,0,0,0,0.675,0,0.427,0,0.853,0,0,0,0,0,0,0,0,0,0.719,0.533,0,0,0,0,0,0,0.533,0,0
"CHRNA6",0.776,0.683,0.854,0.399,0.694,0.771,0.561,0.392,0.436,0.715,0.917,0.621,0.651,0.39,0.506,0.489,0.409,0.375,0,0,0.457,0.566,0.549,0.392,0.452,0.483,0,0.543,0.684,0.691,0,0.617,0.731,0.735,0.598,0.586,0.699,0.514,0.602,0.549,0.559,0.482,0.489,0.665,0.583,0.42,0,0.432,0.485,0.877,0.658,0.709,0.344,0.429,0.575,0.474,0.59,0.62,0.391,0.381,0.544,0.864,0.604,0.351,0.422,0.452,0.464,0.452,0.526,0.63,0.492,0,0.498,0.528,0.785,0.501,0.556,0,0.513,0.656,0.543,0.59,0.67,0.59,0.582,0,0.832,0.832,0.762,0.832,0.47,0.676,0.523,0.533,0.436,0.599,0.634,0.506,0.595,0.428,0.907,0.64,0.785,0.565,0.547,0.543,0.504,0.381,0.447,0.726,0.872,0.592,0,0.676,0.506,0.44,0.508,0.598,0.573,0.435,0.637,0.533,0.601,0.598,0.516,0.585,0.522,0.612,0.489,0.455,0.577,0.799,0.623,0.623,0.632,0.611,0.88,0.491,0.593,0,0.486,0,0.643,0.808,0.568,0.427,0.566,0.896,0.556,0.428,0.459,0.629,0.6,0.733,0.344,0.523,0.569,0.719,0.533,0,0.478,0,0.452,0.397,0.631,0.712,0.489,0.562
"CLEC9A",0.776,0.572,0.719,0.457,0.457,0.737,0.457,0.457,0.457,0.572,0.894,0.457,0.853,0.457,0.457,0.457,0.457,0.457,0.457,0.457,0,0,0.457,0.457,0.457,0.457,0.457,0.457,0.643,0.457,0.457,0.457,0.457,0.643,0.572,0.457,0.739,0.457,0.457,0.457,0.457,0.457,0.457,0.457,0.457,0.457,0.457,0.643,0.457,0.829,0.457,0.457,0.457,0.457,0.457,0.457,0.457,0.457,0.457,0.457,0.457,0.807,0.457,0.457,0.457,0.457,0.457,0.457,0.742,0.457,0.457,0.457,0.457,0.457,0.658,0.457,0.457,0.457,0.457,0.457,0.457,0.457,0.457,0.457,0.457,0.457,0.731,0.731,0.762,0.731,0.457,0.457,0.457,0.533,0.457,0.457,0.457,0.457,0.457,0.457,0.872,0.457,0.711,0.457,0.457,0.457,0.457,0.457,0.457,0.457,0.872,0.457,0.457,0.457,0.457,0.457,0.457,0.457,0.457,0.457,0.457,0.457,0.457,0.457,0.457,0.457,0.457,0.457,0.457,0.457,0.457,0.643,0.643,0.643,0.457,0.457,0.894,0.457,0.457,0.457,0.457,0.457,0.457,0.675,0.457,0.689,0.457,0.853,0.457,0.457,0.457,0.457,0.457,0.457,0.457,0.457,0.457,0.719,0.533,0.457,0.457,0.457,0.457,0.457,0.457,0.533,0.457,0.457
"COL9A1",0,0.652,0.696,0.553,0.647,0.76,0.535,0.546,0.398,0.689,0.905,0.59,0.874,0.4,0.496,0.553,0.416,0.515,0,0.566,0,0,0.516,0.523,0.447,0.472,0,0.354,0.57,0.639,0,0.584,0.586,0.714,0.434,0.558,0.711,0.562,0.5,0.454,0.231,0.301,0.478,0.629,0.556,0.391,0,0.588,0.474,0.847,0.621,0.663,0.505,0.596,0.487,0.466,0.578,0.538,0.399,0.39,0.519,0.837,0.573,0.552,0.542,0.544,0.457,0.419,0.526,0.591,0.463,0,0.562,0.627,0.424,0.491,0.444,0,0.558,0.562,0.512,0.481,0.63,0.551,0.474,0,0.803,0.803,0.762,0.803,0.459,0.628,0.503,0.533,0.435,0.354,0.589,0.377,0.57,0.429,0.885,0.599,0.805,0.362,0.514,0.512,0.484,0.528,0.445,0.615,0.872,0.563,0,0.638,0.582,0.495,0.349,0.555,0.541,0.435,0.596,0.516,0.559,0.555,0.384,0.426,0.369,0.485,0.31,0.362,0.434,0.576,0.627,0.627,0.64,0.633,0.936,0.514,0.603,0,0.469,0,0.605,0.771,0.395,0.427,0.54,0.87,0.532,0.43,0.453,0.599,0.434,0.627,0.497,0.442,0.438,0.719,0.533,0,0.312,0,0.447,0.402,0.525,0.487,0.414,0.391
"CPT1C",0.776,0.633,0.824,0.527,0.666,0.725,0.507,0.516,0.333,0.69,0.886,0.587,0.888,0.302,0.457,0.542,0.281,0.475,0,0.549,0.457,0.516,0,0.499,0.335,0.41,0,0.489,0.639,0.675,0,0.579,0.682,0.709,0.513,0.544,0.634,0.542,0.57,0.499,0.498,0.394,0.427,0.639,0.541,0.335,0,0.529,0.412,0.814,0.629,0.685,0.459,0.596,0.528,0.41,0.572,0.588,0.315,0.321,0.481,0.849,0.565,0.526,0.516,0.518,0.373,0.386,0.526,0.589,0.391,0,0.548,0.639,0.751,0.459,0.531,0,0.542,0.629,0.448,0.545,0.64,0.49,0.507,0,0.8,0.8,0.762,0.8,0.357,0.64,0.456,0.533,0.339,0.545,0.578,0.423,0.562,0.367,0.883,0.6,0.807,0.526,0.453,0.44,0.4,0.503,0.395,0.694,0.872,0.551,0,0.651,0.572,0.434,0.44,0.533,0.515,0.314,0.596,0.49,0.537,0.533,0.465,0.526,0.422,0.579,0.417,0.397,0.534,0.771,0.542,0.542,0.659,0.643,0.947,0.453,0.605,0,0.435,0,0.608,0.791,0.509,0.427,0.516,0.823,0.504,0.33,0.382,0.6,0.56,0.63,0.422,0.497,0.468,0.719,0.533,0,0.404,0,0.335,0.353,0.595,0.69,0.441,0.503
"CR2",0.776,0.599,0.838,0.3,0.615,0.756,0.446,0.316,0.418,0.522,0.917,0.415,0.537,0.394,0.489,0.347,0.405,0.285,0,0.392,0.457,0.523,0.499,0,0.445,0.466,0,0.446,0.528,0.642,0,0.517,0.682,0.584,0.585,0.491,0.724,0.424,0.558,0.433,0.514,0.45,0.471,0.435,0.527,0.41,0,0.411,0.467,0.852,0.464,0.631,0.282,0.306,0.51,0.388,0.495,0.574,0.406,0.397,0.459,0.788,0.469,0.367,0.321,0.351,0.453,0.431,0.526,0.45,0.461,0,0.542,0.595,0.762,0.394,0.532,0,0.538,0.507,0.495,0.54,0.461,0.529,0.533,0,0.733,0.733,0.536,0.733,0.455,0.596,0.446,0.533,0.436,0.54,0.562,0.478,0.48,0.42,0.905,0.494,0.78,0.422,0.498,0.496,0.474,0.292,0.444,0.66,0.872,0.348,0,0.451,0.54,0.396,0.469,0.526,0.517,0.436,0.427,0.505,0.535,0.526,0.435,0.535,0.484,0.47,0.457,0.382,0.495,0.714,0.637,0.637,0.607,0.579,0.941,0.498,0.534,0,0.467,0,0.451,0.639,0.397,0.427,0.38,0.89,0.463,0.417,0.451,0.43,0.485,0.659,0.303,0.449,0.516,0.719,0.533,0,0.445,0,0.445,0.398,0.434,0.62,0.474,0.358
"CRTC1",0.776,0.582,0.817,0.43,0.606,0.672,0.44,0.419,0.24,0.651,0.907,0.534,0.883,0.221,0.425,0.502,0.16,0.394,0,0.452,0.457,0.447,0.335,0.445,0,0.329,0,0.42,0.482,0.659,0,0.518,0.679,0.677,0.424,0.484,0.588,0.445,0.521,0.463,0.418,0.297,0.358,0.591,0.48,0.261,0,0.492,0.332,0.861,0.575,0.631,0.378,0.527,0.471,0.341,0.529,0.549,0.246,0.267,0.4,0.843,0.504,0.429,0.435,0.438,0.276,0.324,0.526,0.52,0.28,0,0.478,0.585,0.726,0.411,0.45,0,0.473,0.581,0.327,0.5,0.589,0.427,0.464,0,0.778,0.778,0.762,0.778,0.236,0.572,0.376,0.533,0.242,0.464,0.505,0.326,0.502,0.302,0.89,0.531,0.797,0.472,0.332,0.328,0.279,0.443,0.341,0.677,0.872,0.49,0,0.618,0.539,0.337,0.359,0.436,0.434,0.193,0.527,0.436,0.44,0.436,0.405,0.468,0.301,0.533,0.336,0.336,0.473,0.749,0.473,0.473,0.59,0.599,0.946,0.332,0.565,0,0.38,0,0.548,0.781,0.428,0.427,0.446,0.877,0.435,0.233,0.301,0.534,0.5,0.677,0.301,0.431,0.402,0.719,0.533,0,0.33,0,0.214,0.313,0.535,0.674,0.34,0.422
"CSF2",0.776,0.605,0.843,0.468,0.596,0.606,0.467,0.459,0.347,0.655,0.919,0.538,0.9,0.306,0.444,0.51,0.293,0.435,0,0.483,0.457,0.472,0.41,0.466,0.329,0,0,0.451,0.632,0.65,0,0.527,0.695,0.692,0.508,0.499,0.41,0.478,0.347,0.479,0.453,0.372,0.402,0.586,0.496,0.346,0,0.549,0.221,0.878,0.572,0.619,0.385,0.534,0.489,0.389,0.553,0.551,0.281,0.292,0.44,0.867,0.516,0.467,0.466,0.468,0.153,0.383,0.249,0.529,0.374,0,0.497,0.58,0.767,0.434,0.478,0,0.492,0.577,0.386,0.511,0.584,0.465,0.485,0,0.822,0.822,0.762,0.822,0.344,0.569,0.417,0.533,0.333,0.488,0.519,0.393,0.521,0.357,0.911,0.537,0.818,0.488,0.408,0.405,0.373,0.466,0.296,0.663,0.872,0.504,0,0.628,0.542,0.401,0.409,0.472,0.466,0.315,0.535,0.458,0.474,0.472,0.436,0.488,0.387,0.538,0.392,0.381,0.491,0.781,0.327,0.327,0.583,0.593,0.948,0.408,0.564,0,0.416,0,0.55,0.801,0.461,0.427,0.472,0.899,0.463,0.208,0.366,0.553,0.511,0.66,0.387,0.476,0.448,0.719,0.533,0,0.396,0,0.329,0.347,0.54,0.703,0.417,0.457
"CSMD1",0.776,0.212,0.719,0,0,0.516,0,0,0,0.212,0.894,0,0.853,0,0,0,0,0,0,0,0.457,0,0,0,0,0,0,0,0.343,0,0,0,0.457,0.343,0.212,0,0.52,0,0,0,0,0,0,0,0,0,0,0.343,0,0.829,0,0,0,0,0,0,0,0,0,0,0,0.807,0,0,0,0,0,0,0.526,0,0,0,0,0,0.658,0,0,0,0,0,0,0,0,0,0,0,0.731,0.731,0.762,0.731,0,0,0,0.533,0,0,0,0,0,0,0.872,0,0.711,0,0,0,0,0,0,0,0.872,0,0,0.212,0,0,0,0,0,0,0,0,0,0,0,0,0,0,0,0,0,0.643,0.343,0.343,0,0,0.894,0,0,0,0,0,0,0.675,0,0.427,0,0.853,0,0,0,0,0,0,0,0,0,0.719,0.533,0,0,0,0,0,0,0.533,0,0
"CSRP1",0.457,0.623,0.634,0.53,0.63,0.753,0.382,0.522,0.4,0.598,0.914,0.476,0.889,0.379,0.483,0.54,0.389,0.494,0,0.543,0.457,0.354,0.489,0.446,0.42,0.451,0,0,0.393,0.619,0,0.486,0.633,0.629,0.488,0.522,0.708,0.539,0.522,0.389,0.415,0.4,0.459,0.507,0.539,0.393,0,0.586,0.453,0.837,0.525,0.647,0.484,0.578,0.491,0.312,0.53,0.478,0.381,0.374,0.474,0.8,0.507,0.529,0.522,0.523,0.433,0.421,0.526,0.499,0.446,0,0.544,0.605,0.663,0.419,0.476,0,0.54,0.49,0.485,0.499,0.522,0.528,0.39,0,0.605,0.605,0.33,0.605,0.433,0.609,0.458,0.533,0.412,0.312,0.569,0.385,0.514,0.412,0.9,0.532,0.767,0.348,0.488,0.485,0.457,0.511,0.429,0.63,0.872,0.246,0,0.534,0.564,0.471,0.384,0.524,0.513,0.408,0.484,0.501,0.536,0.524,0.29,0.458,0.379,0.447,0.31,0.214,0.443,0.616,0.619,0.619,0.622,0.596,0.942,0.488,0.591,0,0.459,0,0.505,0.684,0.349,0.427,0.349,0.886,0.491,0.406,0.432,0.492,0.485,0.642,0.47,0.43,0.333,0.719,0.533,0,0.373,0,0.42,0.389,0.36,0.549,0.344,0.318
"CXXC5",0.853,0.659,0.645,0.675,0.757,0.833,0.573,0.668,0.592,0.534,0.947,0.469,0.931,0.577,0.661,0.706,0.565,0.653,0.343,0.684,0.643,0.57,0.639,0.528,0.482,0.632,0.343,0.393,0,0.73,0.343,0.666,0.669,0.562,0.588,0.609,0.817,0.682,0.664,0.474,0.66,0.613,0.643,0.476,0.692,0.595,0.343,0.742,0.626,0.816,0.461,0.771,0.645,0.714,0.602,0.53,0.535,0.606,0.577,0.583,0.556,0.738,0.522,0.673,0.678,0.677,0.613,0.62,0.731,0.443,0.612,0.343,0.692,0.705,0.82,0.491,0.603,0.343,0.689,0.534,0.635,0.607,0.528,0.672,0.515,0.343,0.712,0.712,0.63,0.712,0.598,0.74,0.541,0.671,0.589,0.608,0.706,0.631,0.511,0.565,0.94,0.555,0.673,0.458,0.638,0.637,0.618,0.674,0.637,0.707,0.929,0.414,0.343,0.497,0.691,0.635,0.523,0.625,0.632,0.582,0.501,0.671,0.679,0.625,0.475,0.582,0.622,0.487,0.432,0.414,0.513,0.543,0.751,0.751,0.747,0.703,0.966,0.638,0.735,0.343,0.639,0.343,0.522,0.61,0.356,0.681,0.455,0.928,0.578,0.589,0.612,0.416,0.603,0.724,0.622,0.448,0.44,0.851,0.671,0.343,0.533,0.343,0.594,0.583,0.342,0.544,0.417,0.287
"CYP1A1",0.776,0.581,0.686,0.686,0.559,0.839,0.617,0.684,0.567,0.748,0.859,0.665,0.907,0.616,0.583,0.651,0.649,0.666,0,0.691,0.457,0.639,0.675,0.642,0.659,0.65,0,0.619,0.73,0,0,0.658,0.69,0.774,0.718,0.671,0.84,0.684,0.655,0.508,0.672,0.657,0.636,0.678,0.636,0.557,0,0.707,0.651,0.79,0.684,0.66,0.663,0.693,0.644,0.624,0.57,0.547,0.614,0.594,0.666,0.872,0.674,0.686,0.672,0.677,0.653,0.561,0.526,0.681,0.637,0,0.679,0.697,0.816,0.606,0.659,0,0.678,0.626,0.679,0.621,0.643,0.576,0.605,0,0.872,0.872,0.679,0.872,0.66,0.666,0.659,0.533,0.645,0.653,0.624,0.664,0.665,0.598,0.845,0.688,0.699,0.622,0.672,0.664,0.67,0.66,0.619,0.639,0.872,0.645,0,0.702,0.636,0.661,0.584,0.674,0.664,0.655,0.653,0.641,0.678,0.674,0.603,0.634,0.674,0.597,0.597,0.575,0.638,0.792,0.784,0.784,0.711,0.686,0.942,0.68,0.68,0,0.613,0,0.679,0.805,0.63,0.427,0.652,0.818,0.665,0.643,0.643,0.667,0.649,0.627,0.674,0.592,0.61,0.719,0.533,0,0.55,0,0.653,0.565,0.644,0.65,0.605,0.624
"DCAF4",0.776,0.212,0.719,0,0,0.516,0,0,0,0.212,0.894,0,0.853,0,0,0,0,0,0,0,0.457,0,0,0,0,0,0,0,0.343,0,0,0,0.457,0.343,0.212,0,0.52,0,0,0,0,0,0,0,0,0,0,0.343,0,0.829,0,0,0,0,0,0,0,0,0,0,0,0.807,0,0,0,0,0,0,0.526,0,0,0,0,0,0.658,0,0,0,0,0,0,0,0,0,0,0,0.731,0.731,0.762,0.731,0,0,0,0.533,0,0,0,0,0,0,0.872,0,0.711,0,0,0,0,0,0,0,0.872,0,0,0.212,0,0,0,0,0,0,0,0,0,0,0,0,0,0,0,0,0,0.643,0.343,0.343,0,0,0.894,0,0,0,0,0,0,0.675,0,0.427,0,0.853,0,0,0,0,0,0,0,0,0,0.719,0.533,0,0,0,0,0,0,0.533,0,0
"DCPS",0.776,0.613,0.851,0.605,0.675,0.794,0.418,0.598,0.497,0.694,0.911,0.579,0.91,0.419,0.524,0.541,0.438,0.523,0,0.617,0.457,0.584,0.579,0.517,0.518,0.527,0,0.486,0.666,0.658,0,0,0.726,0.714,0.644,0.594,0.754,0.588,0.608,0.412,0.58,0.484,0.527,0.61,0.506,0.48,0,0.633,0.528,0.854,0.624,0.64,0.556,0.635,0.547,0.397,0.552,0.549,0.456,0.438,0.566,0.861,0.599,0.604,0.59,0.592,0.519,0.496,0.526,0.603,0.539,0,0.604,0.658,0.805,0.497,0.599,0,0.6,0.605,0.575,0.595,0.493,0.592,0.587,0,0.756,0.756,0.562,0.756,0.529,0.603,0.551,0.533,0.5,0.512,0.555,0.547,0.592,0.443,0.861,0.627,0.817,0.514,0.553,0.575,0.551,0.569,0.489,0.698,0.872,0.444,0,0.638,0.605,0.533,0.499,0.501,0.494,0.508,0.48,0.482,0.504,0.501,0.47,0.595,0.562,0.49,0.488,0.389,0.587,0.803,0.681,0.681,0.675,0.615,0.95,0.577,0.621,0,0.52,0,0.6,0.766,0.543,0.427,0.485,0.886,0.535,0.448,0.51,0.587,0.596,0.67,0.562,0.508,0.581,0.719,0.533,0,0.518,0,0.518,0.414,0.589,0.717,0.521,0.529
"DGKA",0.776,0.67,0.744,0.719,0.745,0.855,0.682,0.712,0.619,0.775,0.833,0.695,0.901,0.66,0.574,0.717,0.664,0.704,0.457,0.731,0.457,0.586,0.682,0.682,0.679,0.695,0.457,0.633,0.669,0.69,0.457,0.726,0,0.794,0.559,0.712,0.842,0.724,0.633,0.404,0.682,0.685,0.695,0.724,0.58,0.622,0.457,0.766,0.688,0.37,0.727,0.747,0.694,0.728,0.61,0.571,0.709,0.665,0.647,0.646,0.702,0.861,0.721,0.718,0.719,0.721,0.686,0.624,0.742,0.72,0.666,0.457,0.73,0.633,0.775,0.688,0.564,0.457,0.726,0.638,0.703,0.39,0.595,0.64,0.601,0.457,0.83,0.83,0.762,0.83,0.685,0.742,0.693,0.533,0.5,0.57,0.701,0.69,0.701,0.665,0.881,0.73,0.744,0.604,0.701,0.598,0.596,0.71,0.686,0.338,0.872,0.68,0.457,0.711,0.473,0.696,0.575,0.618,0.625,0.673,0.711,0.708,0.721,0.618,0.592,0.566,0.69,0.51,0.497,0.599,0.622,0.664,0.792,0.792,0.768,0.741,0.946,0.706,0.751,0.457,0.549,0.457,0.718,0.792,0.582,0.689,0.669,0.782,0.702,0.673,0.678,0.715,0.571,0.56,0.69,0.642,0.582,0.392,0.533,0.457,0.474,0.457,0.679,0.661,0.667,0.59,0.649,0.578
"DLX5",0.824,0.773,0.906,0.726,0.777,0.864,0.634,0.72,0.626,0.145,0.94,0.156,0.923,0.647,0.666,0.729,0.656,0.704,0.343,0.735,0.643,0.714,0.709,0.584,0.677,0.692,0.343,0.629,0.562,0.774,0.343,0.714,0.794,0,0.768,0.214,0.855,0.732,0.744,0.571,0.708,0.681,0.67,0.107,0.726,0.624,0.343,0.775,0.684,0.874,0.101,0.785,0.696,0.747,0.708,0.601,0.515,0.747,0.641,0.636,0.122,0.165,0.044,0.725,0.724,0.723,0.683,0.641,0.731,0.177,0.671,0.343,0.731,0.764,0.835,0.558,0.731,0.343,0.727,0.65,0.706,0.732,0.612,0.724,0.729,0.343,0.785,0.785,0.711,0.785,0.68,0.767,0.376,0.62,0.664,0.731,0.744,0.694,0.16,0.666,0.934,0.103,0.829,0.595,0.708,0.707,0.696,0.71,0.681,0.796,0.907,0.534,0.343,0.171,0.74,0.699,0.694,0.723,0.719,0.669,0.581,0.706,0.73,0.723,0.626,0.726,0.695,0.627,0.69,0.6,0.262,0.273,0.802,0.802,0.775,0.726,0.959,0.708,0.753,0.343,0.672,0.343,0.149,0.174,0.33,0.681,0.547,0.922,0.207,0.664,0.672,0.186,0.739,0.8,0.695,0.283,0.721,0.851,0.62,0.343,0.648,0.343,0.677,0.613,0.248,0.296,0.622,0.392
"DSC3",0.824,0.689,0.706,0.582,0.712,0.764,0.584,0.571,0.433,0.748,0.93,0.654,0.909,0.421,0.569,0.631,0.377,0.55,0.212,0.598,0.572,0.434,0.513,0.585,0.424,0.508,0.212,0.488,0.588,0.718,0.212,0.644,0.559,0.768,0,0.616,0.712,0.593,0.502,0.448,0.565,0.478,0.528,0.698,0.614,0.448,0.212,0.633,0.504,0.876,0.687,0.731,0.537,0.65,0.529,0.511,0.668,0.611,0.433,0.45,0.558,0.88,0.635,0.58,0.585,0.586,0.469,0.496,0.651,0.647,0.467,0.212,0.614,0.692,0.776,0.566,0.353,0.212,0.609,0.631,0.506,0.543,0.695,0.578,0.522,0.212,0.834,0.834,0.829,0.834,0.436,0.688,0.536,0.62,0.436,0.362,0.636,0.504,0.636,0.486,0.916,0.656,0.842,0.487,0.51,0.508,0.472,0.585,0.518,0.681,0.907,0.626,0.212,0.711,0.656,0.512,0.346,0.583,0.583,0.405,0.652,0.581,0.59,0.583,0.425,0.451,0.484,0.545,0.193,0.409,0.475,0.562,0.624,0.624,0.7,0.7,0.959,0.511,0.676,0.212,0.535,0.212,0.666,0.83,0.399,0.583,0.589,0.904,0.58,0.432,0.48,0.669,0.394,0.64,0.484,0.529,0.445,0.8,0.62,0.212,0.209,0.212,0.424,0.485,0.585,0.553,0.478,0.395
"E2F5",0.776,0.668,0.848,0.574,0.655,0.777,0.534,0.568,0.416,0.134,0.912,0.204,0.885,0.434,0.47,0.565,0.457,0.538,0,0.586,0.457,0.558,0.544,0.491,0.484,0.499,0,0.522,0.609,0.671,0,0.594,0.712,0.214,0.616,0,0.736,0.582,0.588,0.517,0.552,0.5,0.502,0.153,0.572,0.408,0,0.611,0.5,0.862,0.117,0.669,0.528,0.61,0.562,0.471,0.434,0.604,0.431,0.417,0.116,0.272,0.141,0.574,0.562,0.564,0.488,0.431,0.526,0.142,0.489,0,0.579,0.637,0.766,0.427,0.572,0,0.575,0.594,0.54,0.578,0.594,0.572,0.569,0,0.817,0.817,0.762,0.817,0.495,0.638,0.274,0.533,0.47,0.58,0.605,0.516,0.124,0.456,0.897,0.106,0.819,0.52,0.543,0.541,0.516,0.546,0.468,0.694,0.872,0.533,0,0.192,0.592,0.522,0.517,0.577,0.562,0.473,0.556,0.534,0.58,0.577,0.503,0.572,0.527,0.561,0.503,0.457,0.163,0.292,0.657,0.657,0.65,0.629,0.939,0.543,0.603,0,0.486,0,0.1,0.22,0.244,0.427,0.509,0.882,0.0580000000000001,0.465,0.482,0.149,0.573,0.696,0.527,0.18,0.559,0.719,0.533,0,0.446,0,0.484,0.412,0.253,0.294,0.451,0.424
"EDN2",0.893,0.792,0.929,0.692,0.795,0.666,0.712,0.683,0.576,0.837,0.96,0.763,0.948,0.613,0.706,0.765,0.554,0.675,0.52,0.699,0.739,0.711,0.634,0.724,0.588,0.41,0.52,0.708,0.817,0.84,0.52,0.754,0.842,0.855,0.712,0.736,0,0.698,0.55,0.734,0.688,0.629,0.677,0.794,0.736,0.607,0.52,0.782,0.5,0.935,0.784,0.81,0.608,0.749,0.727,0.674,0.796,0.778,0.565,0.602,0.692,0.929,0.751,0.689,0.708,0.706,0.436,0.648,0,0.751,0.601,0.52,0.717,0.769,0.856,0.707,0.714,0.52,0.703,0.779,0.584,0.756,0.789,0.688,0.729,0.52,0.912,0.912,0.913,0.912,0.554,0.774,0.653,0.739,0.605,0.718,0.733,0.649,0.756,0.669,0.954,0.755,0.907,0.737,0.632,0.632,0.612,0.689,0.367,0.836,0.883,0.747,0.52,0.821,0.778,0.652,0.671,0.694,0.709,0.574,0.751,0.708,0.681,0.694,0.697,0.71,0.615,0.77,0.664,0.656,0.734,0.886,0.413,0.413,0.779,0.795,0.976,0.633,0.787,0.52,0.688,0.52,0.765,0.9,0.701,0.784,0.714,0.944,0.709,0.338,0.645,0.78,0.732,0.839,0.615,0.752,0.682,0.902,0.739,0.52,0.638,0.52,0.588,0.649,0.764,0.826,0.691,0.699
"EDNRA",0.776,0.673,0.844,0.342,0.69,0.769,0.531,0.324,0.414,0.713,0.908,0.617,0.642,0.385,0.501,0.308,0.402,0.41,0,0.514,0.457,0.562,0.542,0.424,0.445,0.478,0,0.539,0.682,0.684,0,0.588,0.724,0.732,0.593,0.582,0.698,0,0.598,0.499,0.554,0.476,0.484,0.662,0.51,0.402,0,0.466,0.48,0.865,0.654,0.683,0.385,0.348,0.571,0.469,0.57,0.571,0.386,0.378,0.539,0.861,0.6,0.451,0.46,0.487,0.458,0.437,0.526,0.626,0.479,0,0.59,0.663,0.778,0.498,0.582,0,0.585,0.646,0.536,0.587,0.658,0.58,0.575,0,0.831,0.831,0.762,0.831,0.463,0.579,0.518,0.533,0.43,0.592,0.575,0.5,0.591,0.424,0.867,0.636,0.827,0.562,0.525,0.536,0.497,0.417,0.444,0.722,0.872,0.588,0,0.672,0.594,0.441,0.503,0.59,0.567,0.428,0.628,0.528,0.593,0.59,0.512,0.58,0.515,0.602,0.484,0.451,0.573,0.795,0.62,0.62,0.688,0.663,0.948,0.539,0.627,0,0.48,0,0.639,0.803,0.563,0.427,0.562,0.88,0.552,0.422,0.454,0.626,0.596,0.706,0.384,0.521,0.561,0.719,0.533,0,0.46,0,0.445,0.394,0.628,0.697,0.485,0.557
"EGF",0.776,0.689,0.808,0.592,0.657,0.529,0.572,0.587,0.488,0.709,0.929,0.611,0.91,0.474,0.48,0.577,0.5,0.43,0,0.602,0.457,0.5,0.57,0.558,0.521,0.347,0,0.522,0.664,0.655,0,0.608,0.633,0.744,0.502,0.588,0.55,0.598,0,0.476,0.572,0.531,0.414,0.642,0.586,0.475,0,0.649,0.37,0.887,0.636,0.669,0.523,0.619,0.548,0.519,0.58,0.582,0.441,0.428,0.563,0.882,0.6,0.591,0.581,0.582,0.405,0.489,0.12,0.615,0.533,0,0.58,0.642,0.803,0.512,0.474,0,0.575,0.523,0.536,0.544,0.644,0.59,0.546,0,0.866,0.866,0.762,0.866,0.53,0.643,0.51,0.533,0.506,0.481,0.616,0.544,0.593,0.486,0.923,0.621,0.85,0.508,0.569,0.567,0.548,0.458,0.402,0.643,0,0.592,0,0.674,0.601,0.549,0.461,0.594,0.58,0.513,0.619,0.445,0.462,0.594,0.351,0.459,0.556,0.544,0.387,0.454,0.512,0.716,0.492,0.492,0.653,0.644,0.948,0.569,0.619,0,0.518,0,0.624,0.82,0.495,0.427,0.576,0.911,0.57,0.385,0.514,0.617,0.405,0.617,0.556,0.493,0.533,0.719,0.533,0,0.381,0,0.521,0.432,0.581,0.625,0.47,0.492
"EHD2",0.776,0.443,0.721,0.539,0.55,0.762,0.316,0.534,0.449,0.565,0.86,0.449,0.898,0.39,0.483,0.492,0.399,0.476,0,0.549,0.457,0.454,0.499,0.433,0.463,0.479,0,0.389,0.474,0.508,0,0.412,0.404,0.571,0.448,0.517,0.734,0.499,0.476,0,0.524,0.44,0.47,0.468,0.398,0.44,0,0.616,0.481,0.595,0.494,0.435,0.504,0.574,0.42,0.353,0.432,0.383,0.423,0.412,0.466,0.794,0.482,0.539,0.532,0.534,0.469,0.457,0.526,0.48,0.482,0,0.548,0.461,0.758,0.421,0.425,0,0.545,0.46,0.509,0.339,0.282,0.492,0.467,0,0.687,0.687,0.4,0.687,0.472,0.47,0.469,0.533,0.454,0.38,0.415,0.492,0.502,0.415,0.777,0.515,0.669,0.364,0.455,0.487,0.489,0.523,0.456,0.442,0.872,0.339,0,0.502,0.422,0.461,0.353,0.288,0.3,0.455,0.393,0.472,0.486,0.288,0.349,0.451,0.498,0.253,0.304,0.299,0.439,0.618,0.649,0.649,0.608,0.542,0.942,0.511,0.579,0,0.481,0,0.479,0.664,0.351,0.427,0.402,0.837,0.461,0.411,0.465,0.463,0.422,0.339,0.498,0.404,0.454,0.719,0.533,0,0.346,0,0.463,0.371,0.431,0.559,0.422,0.319
"ELN",0,0.648,0.816,0.543,0.65,0.748,0.526,0.535,0.368,0.687,0.901,0.587,0.871,0.372,0.486,0.548,0.382,0.502,0,0.559,0.457,0.231,0.498,0.514,0.418,0.453,0,0.415,0.66,0.672,0,0.58,0.682,0.708,0.565,0.552,0.688,0.554,0.572,0.524,0,0.14,0.462,0.63,0.549,0.364,0,0.568,0.455,0.854,0.621,0.667,0.49,0.593,0.542,0.448,0.576,0.592,0.375,0.369,0.507,0.832,0.569,0.543,0.532,0.535,0.433,0.399,0.526,0.588,0.439,0,0.556,0.629,0.381,0.48,0.544,0,0.551,0.622,0.493,0.559,0.632,0.541,0.544,0,0.796,0.796,0.762,0.796,0.432,0.628,0.488,0.533,0.409,0.448,0.586,0.346,0.566,0.41,0.879,0.596,0.803,0.458,0.497,0.494,0.461,0.519,0.429,0.696,0.872,0.558,0,0.64,0.58,0.477,0.476,0.547,0.532,0.404,0.594,0.507,0.55,0.547,0.489,0.547,0.333,0.582,0.459,0.434,0.544,0.752,0.602,0.602,0.642,0.634,0.936,0.497,0.602,0,0.455,0,0.603,0.769,0.528,0.427,0.531,0.864,0.522,0.402,0.432,0.597,0.565,0.698,0.476,0.507,0.523,0.719,0.533,0,0.414,0,0.418,0.386,0.593,0.636,0.467,0.523
