"","ACVR1C","ADD2","ADHFE1","ARHGDIB","BMP3","BOLL","CD96","CHRNA6","CLDN10","CNR1","COL23A1","CSPP1","CST7","DLX5","EOMES","EVX1","FGF12","FNDC1","GDNF","GREB1","GREM1","HOXD10","HOXD13","HOXD8","HOXD9","IFI27","IKZF1","IMMP2L","KCNK12","KCNN2","KLF6","LRRC4","MIR1178","MIR129-2","MIR137","MIR196A1","NDRG4","NPBWR1","NPY","PHLDB2","PIK3R5","PIWIL1","PPP1R16B","PRDM2","RAB5A","REC8","SALL1","SALL3","SERPINB5","SH3D19","SLCO4C1","SLFN13","SOCS5","ST8SIA1","ST8SIA5","TBX18","WSB1","ZIK1","ZNF132","ZNF154","ZNF529","ZNF582","ZNF626","ZNF793","ASAM","C15orf38","FAM159A","ZNF542"
"ACVR1C",0,0.546,0.84,0.641,0.75,0.67,0.322,0.416,0.426,0.565,0.543,0.773,0.791,0.752,0.786,0.787,0.733,0.627,0.717,0.59,0.674,0.786,0.786,0.796,0.806,0.792,0.769,0.784,0.313,0.486,0.785,0.542,0.898,0.898,0.898,0.898,0.474,0.401,0.74,0.53,0.523,0.77,0.529,0.819,0.718,0.815,0.77,0.823,0.514,0.42,0.49,0.67,0.628,0.529,0.759,0.804,0.694,0.823,0.823,0.823,0.823,0.823,0.823,0.823,0.486,0.76,0.313,0.823
"ADD2",0.546,0,0.621,0.228,0.688,0.159,0.336,0.514,0.382,0.345,0.524,0.368,0.45,0.452,0.584,0.6,0.501,0.573,0.606,0.563,0.666,0.467,0.584,0.572,0.565,0.629,0.5,0.733,0.313,0.46,0.452,0.507,0.765,0.765,0.765,0.765,0.332,0.468,0.559,0.315,0.358,0.48,0.389,0.626,0.38,0.578,0.447,0.557,0.399,0.349,0.487,0.159,0.523,0.576,0.631,0.583,0,0.557,0.557,0.557,0.557,0.557,0.557,0.557,0.455,0.715,0.313,0.557
"ADHFE1",0.84,0.621,0,0.526,0.724,0.381,0.529,0.826,0.598,0.661,0.643,0.559,0.438,0.406,0.423,0.498,0.5,0.72,0.477,0.51,0.763,0.465,0.423,0.413,0.374,0.311,0.47,0.435,0.72,0.707,0.355,0.827,0.925,0.925,0.925,0.925,0.454,0.774,0.544,0.652,0.607,0.437,0.479,0.296,0.62,0.495,0.404,0.306,0.565,0.482,0.723,0.381,0.607,0.558,0.462,0.395,0.477,0.306,0.306,0.306,0.306,0.306,0.306,0.306,0.69,0.81,0.72,0.306
"ARHGDIB",0.641,0.228,0.526,0,0.439,0,0.31,0.612,0.359,0.379,0.538,0.276,0.339,0.325,0.548,0.561,0.355,0.457,0.464,0.327,0.547,0.408,0.548,0.533,0.533,0.562,0.434,0.674,0,0.453,0.385,0.65,0.853,0.853,0.853,0.853,0.331,0.479,0.452,0.32,0.282,0.351,0.351,0.556,0.34,0.556,0.344,0.557,0.288,0.354,0.43,0,0.392,0.47,0.59,0.557,0,0.557,0.557,0.557,0.557,0.557,0.557,0.557,0.499,0.658,0,0.557
"BMP3",0.75,0.688,0.724,0.439,0,0.588,0.65,0.717,0.676,0.702,0.514,0.706,0.528,0.652,0.7,0.695,0.387,0.197,0.264,0.331,0.329,0.706,0.7,0.692,0.712,0.752,0.696,0.813,0.531,0.644,0.685,0.73,0.871,0.871,0.871,0.871,0.686,0.63,0.39,0.665,0.668,0.682,0.635,0.713,0.642,0.739,0.679,0.699,0.394,0.668,0.489,0.588,0.694,0.644,0.783,0.71,0.62,0.699,0.699,0.699,0.699,0.699,0.699,0.699,0.671,0.694,0.531,0.699
"BOLL",0.67,0.159,0.381,0,0.588,0,0,0.627,0,0,0.531,0,0.361,0,0.546,0.546,0,0.531,0.431,0.531,0.531,0.159,0.546,0.546,0.546,0.381,0.159,0.616,0.531,0.454,0.159,0.67,0.871,0.871,0.871,0.871,0,0.531,0.431,0.159,0,0,0,0.431,0,0.604,0,0.604,0,0.159,0.644,0,0.159,0.531,0.59,0.546,0.159,0.604,0.604,0.604,0.604,0.604,0.604,0.604,0.476,0.694,0.531,0.604
"CD96",0.322,0.336,0.529,0.31,0.65,0,0,0.454,0.156,0.396,0.479,0.472,0.469,0.364,0.618,0.638,0.415,0.531,0.522,0.51,0.575,0.508,0.618,0.61,0.63,0.598,0.523,0.66,0.313,0.401,0.524,0.514,0.871,0.871,0.871,0.871,0.209,0.36,0.542,0.331,0.342,0.344,0.242,0.577,0.51,0.65,0.439,0.604,0.177,0.191,0.448,0,0.42,0.437,0.59,0.629,0.159,0.604,0.604,0.604,0.604,0.604,0.604,0.604,0.377,0.694,0.313,0.604
"CHRNA6",0.416,0.514,0.826,0.612,0.717,0.627,0.454,0,0.476,0.339,0.533,0.735,0.751,0.719,0.771,0.67,0.491,0.572,0.68,0.589,0.66,0.753,0.771,0.775,0.782,0.796,0.741,0.831,0.313,0.46,0.753,0.291,0.89,0.89,0.89,0.89,0.489,0.178,0.569,0.509,0.534,0.731,0.479,0.807,0.589,0.798,0.731,0.803,0.548,0.497,0.541,0.627,0.707,0.565,0.759,0.78,0.658,0.803,0.803,0.803,0.803,0.803,0.803,0.803,0.489,0.416,0.313,0.803
"CLDN10",0.426,0.382,0.598,0.359,0.676,0,0.156,0.476,0,0.426,0.506,0.506,0.497,0.433,0.659,0.662,0.452,0.531,0.56,0.55,0.605,0.54,0.659,0.653,0.658,0.628,0.557,0.714,0.313,0.44,0.551,0.541,0.871,0.871,0.871,0.871,0.266,0.404,0.568,0.366,0.376,0.398,0.298,0.623,0.517,0.672,0.481,0.604,0.263,0.291,0.497,0,0.495,0.5,0.59,0.657,0.159,0.604,0.604,0.604,0.604,0.604,0.604,0.604,0.212,0.694,0.313,0.604
"CNR1",0.565,0.345,0.661,0.379,0.702,0,0.396,0.339,0.426,0,0.54,0.473,0.554,0.519,0.66,0.595,0.425,0.531,0.597,0.564,0.651,0.572,0.66,0.651,0.64,0.533,0.604,0.682,0.313,0.47,0.548,0.413,0.871,0.871,0.871,0.871,0.369,0.34,0.47,0.413,0.411,0.507,0.396,0.676,0.413,0.657,0.516,0.604,0.431,0.454,0.562,0,0.61,0.527,0.508,0.653,0.159,0.604,0.604,0.604,0.604,0.604,0.604,0.604,0.496,0.602,0.313,0.604
"COL23A1",0.543,0.524,0.643,0.538,0.514,0.531,0.479,0.533,0.506,0.54,0,0.665,0.481,0.623,0.653,0.637,0.505,0.197,0.413,0.476,0.236,0.583,0.653,0.685,0.618,0.648,0.537,0.778,0.313,0.434,0.564,0.583,0.643,0.643,0.643,0.643,0.451,0.489,0.453,0.522,0.512,0.624,0.461,0.633,0.577,0.663,0.595,0.503,0.435,0.458,0.502,0.531,0.667,0.539,0.546,0.629,0.573,0.503,0.503,0.503,0.503,0.503,0.503,0.503,0.423,0.658,0.313,0.503
"CSPP1",0.773,0.368,0.559,0.276,0.706,0,0.472,0.735,0.506,0.473,0.665,0,0.521,0.369,0.488,0.536,0.49,0.531,0.584,0.644,0.661,0.461,0.488,0.484,0.501,0.597,0.545,0.713,0.531,0.582,0.447,0.751,0.871,0.871,0.871,0.871,0.495,0.664,0.586,0.411,0.374,0.414,0.474,0.59,0.519,0.537,0.375,0.6,0.457,0.547,0.74,0,0.553,0.652,0.59,0.52,0.159,0.6,0.6,0.6,0.6,0.6,0.6,0.6,0.46,0.694,0.531,0.6
"CST7",0.791,0.45,0.438,0.339,0.528,0.361,0.469,0.751,0.497,0.554,0.481,0.521,0,0.437,0.611,0.562,0.355,0.197,0.242,0.554,0.583,0.513,0.611,0.542,0.539,0.44,0.514,0.65,0.531,0.634,0.453,0.768,0.871,0.871,0.871,0.871,0.452,0.685,0.265,0.567,0.518,0.45,0.455,0.368,0.398,0.568,0.457,0.357,0.385,0.539,0.547,0.361,0.558,0.524,0.292,0.54,0.461,0.357,0.357,0.357,0.357,0.357,0.357,0.357,0.632,0.694,0.531,0.357
"DLX5",0.752,0.452,0.406,0.325,0.652,0,0.364,0.719,0.433,0.519,0.623,0.369,0.437,0,0.23,0.281,0.252,0.531,0.475,0.496,0.623,0.21,0.23,0.109,0.176,0.438,0.244,0.62,0.531,0.585,0.151,0.73,0.871,0.871,0.871,0.871,0.408,0.633,0.505,0.458,0.389,0.203,0.252,0.275,0.502,0.301,0.105,0,0.374,0.366,0.699,0,0.469,0.562,0.548,0.173,0.159,0,0,0,0,0,0,0,0.596,0.694,0.531,0
"EOMES",0.786,0.584,0.423,0.548,0.7,0.546,0.618,0.771,0.659,0.66,0.653,0.488,0.611,0.23,0,0.262,0.517,0.652,0.583,0.396,0.695,0.279,0,0.151,0.09,0.56,0.329,0.682,0.652,0.665,0.195,0.774,0.902,0.902,0.902,0.902,0.625,0.707,0.63,0.622,0.598,0.47,0.462,0.272,0.648,0.365,0.197,0.303,0.636,0.389,0.754,0.546,0.67,0.644,0.637,0.142,0.6,0.303,0.303,0.303,0.303,0.303,0.303,0.303,0.672,0.758,0.652,0.303
"EVX1",0.787,0.6,0.498,0.561,0.695,0.546,0.638,0.67,0.662,0.595,0.637,0.536,0.562,0.281,0.262,0,0.464,0.627,0.551,0.444,0.686,0.306,0.262,0.262,0.197,0.515,0.342,0.705,0.627,0.505,0.223,0.738,0.902,0.902,0.902,0.902,0.564,0.573,0.589,0.626,0.54,0.438,0.384,0.316,0.481,0.359,0.247,0,0.645,0.461,0.745,0.546,0.683,0.618,0.548,0.211,0.6,0,0,0,0,0,0,0,0.668,0.51,0.627,0
"FGF12",0.733,0.501,0.5,0.355,0.387,0,0.415,0.491,0.452,0.425,0.505,0.49,0.355,0.252,0.517,0.464,0,0.197,0.273,0.436,0.439,0.371,0.517,0.416,0.398,0.491,0.368,0.682,0.531,0.558,0.303,0.477,0.871,0.871,0.871,0.871,0.432,0.46,0.246,0.49,0.413,0.261,0.283,0.371,0.484,0.464,0.296,0,0.264,0.41,0.631,0,0.504,0.544,0.548,0.395,0.159,0,0,0,0,0,0,0,0.577,0.694,0.531,0
"FNDC1",0.627,0.573,0.72,0.457,0.197,0.531,0.531,0.572,0.531,0.531,0.197,0.531,0.197,0.531,0.652,0.627,0.197,0,0,0.457,0.197,0.573,0.652,0.652,0.652,0.72,0.573,0.825,0.457,0.457,0.573,0.627,0.853,0.853,0.853,0.853,0.531,0.457,0,0.457,0.457,0.531,0.457,0.717,0.457,0.693,0.531,0.732,0.197,0.573,0.536,0.531,0.573,0.457,0.807,0.652,0.573,0.732,0.732,0.732,0.732,0.732,0.732,0.732,0.457,0.658,0.457,0.732
"GDNF",0.717,0.606,0.477,0.464,0.264,0.431,0.522,0.68,0.56,0.597,0.413,0.584,0.242,0.475,0.583,0.551,0.273,0,0,0.453,0.344,0.539,0.583,0.528,0.526,0.476,0.54,0.654,0.457,0.566,0.473,0.697,0.853,0.853,0.853,0.853,0.51,0.576,0.146,0.569,0.554,0.494,0.475,0.384,0.555,0.578,0.498,0.357,0.325,0.554,0.568,0.431,0.595,0.406,0.292,0.527,0.518,0.357,0.357,0.357,0.357,0.357,0.357,0.357,0.569,0.658,0.457,0.357
"GREB1",0.59,0.563,0.51,0.327,0.331,0.531,0.51,0.589,0.55,0.564,0.476,0.644,0.554,0.496,0.396,0.444,0.436,0.457,0.453,0,0.518,0.471,0.396,0.513,0.357,0.584,0.446,0.695,0,0.473,0.356,0.625,0.853,0.853,0.853,0.853,0.506,0.425,0.51,0.569,0.423,0.544,0.388,0.369,0.535,0.547,0.416,0.303,0.485,0.319,0.419,0.531,0.626,0.401,0.637,0.402,0.573,0.303,0.303,0.303,0.303,0.303,0.303,0.303,0.569,0.658,0,0.303
"GREM1",0.674,0.666,0.763,0.547,0.329,0.531,0.575,0.66,0.605,0.651,0.236,0.661,0.583,0.623,0.695,0.686,0.439,0.197,0.344,0.518,0,0.684,0.695,0.698,0.717,0.786,0.674,0.842,0.457,0.476,0.685,0.673,0.853,0.853,0.853,0.853,0.648,0.555,0.432,0.599,0.619,0.65,0.581,0.743,0.676,0.738,0.651,0.732,0.434,0.618,0.641,0.531,0.648,0.584,0.807,0.713,0.573,0.732,0.732,0.732,0.732,0.732,0.732,0.732,0.468,0.658,0.457,0.732
"HOXD10",0.786,0.467,0.465,0.408,0.706,0.159,0.508,0.753,0.54,0.572,0.583,0.461,0.513,0.21,0.279,0.306,0.371,0.573,0.539,0.471,0.684,0,0.279,0.279,0.217,0.491,0.173,0.67,0.573,0.619,0.15,0.766,0.733,0.733,0.733,0.733,0.451,0.688,0.56,0.496,0.42,0.239,0.332,0.318,0.522,0.346,0.191,0,0.504,0.33,0.736,0.159,0.503,0.626,0.548,0.184,0,0,0,0,0,0,0,0,0.626,0.715,0.573,0
"HOXD13",0.786,0.584,0.423,0.548,0.7,0.546,0.618,0.771,0.659,0.66,0.653,0.488,0.611,0.23,0,0.262,0.517,0.652,0.583,0.396,0.695,0.279,0,0.151,0.09,0.56,0.329,0.682,0.652,0.665,0.195,0.774,0.902,0.902,0.902,0.902,0.625,0.707,0.63,0.622,0.598,0.47,0.462,0.272,0.648,0.365,0.197,0.303,0.636,0.389,0.754,0.546,0.67,0.644,0.637,0.142,0.6,0.303,0.303,0.303,0.303,0.303,0.303,0.303,0.672,0.758,0.652,0.303
"HOXD8",0.796,0.572,0.413,0.533,0.692,0.546,0.61,0.775,0.653,0.651,0.685,0.484,0.542,0.109,0.151,0.262,0.416,0.652,0.528,0.513,0.698,0.279,0.151,0,0.115,0.445,0.329,0.621,0.652,0.661,0.199,0.779,0.902,0.902,0.902,0.902,0.581,0.71,0.588,0.617,0.543,0.383,0.431,0.244,0.647,0.264,0.197,0,0.631,0.51,0.742,0.546,0.666,0.6,0.548,0.111,0.6,0,0,0,0,0,0,0,0.669,0.758,0.652,0
"HOXD9",0.806,0.565,0.374,0.533,0.712,0.546,0.63,0.782,0.658,0.64,0.618,0.501,0.539,0.176,0.09,0.197,0.398,0.652,0.526,0.357,0.717,0.217,0.09,0.115,0,0.454,0.249,0.64,0.652,0.657,0.073,0.788,0.902,0.902,0.902,0.902,0.565,0.723,0.574,0.612,0.512,0.374,0.375,0.165,0.605,0.265,0.146,0,0.641,0.355,0.744,0.546,0.68,0.619,0.548,0.075,0.6,0,0,0,0,0,0,0,0.669,0.758,0.652,0
"IFI27",0.792,0.629,0.311,0.562,0.752,0.381,0.598,0.796,0.628,0.533,0.648,0.597,0.44,0.438,0.56,0.515,0.491,0.72,0.476,0.584,0.786,0.491,0.56,0.445,0.454,0,0.497,0.329,0.641,0.689,0.408,0.8,0.925,0.925,0.925,0.925,0.381,0.718,0.519,0.669,0.558,0.452,0.486,0.379,0.593,0.495,0.455,0.279,0.607,0.571,0.682,0.381,0.663,0.498,0.392,0.454,0.477,0.279,0.279,0.279,0.279,0.279,0.279,0.279,0.708,0.81,0.641,0.279
"IKZF1",0.769,0.5,0.47,0.434,0.696,0.159,0.523,0.741,0.557,0.604,0.537,0.545,0.514,0.244,0.329,0.342,0.368,0.573,0.54,0.446,0.674,0.173,0.329,0.329,0.249,0.497,0,0.668,0.573,0.649,0.166,0.762,0.49,0.49,0.49,0.49,0.455,0.679,0.563,0.522,0.404,0.347,0.323,0.303,0.533,0.356,0.203,0,0.515,0.31,0.733,0.159,0.482,0.619,0.548,0.245,0,0,0,0,0,0,0,0,0.662,0.715,0.573,0
"IMMP2L",0.784,0.733,0.435,0.674,0.813,0.616,0.66,0.831,0.714,0.682,0.778,0.713,0.65,0.62,0.682,0.705,0.682,0.825,0.654,0.695,0.842,0.67,0.682,0.621,0.64,0.329,0.668,0,0.678,0.77,0.609,0.848,0.885,0.885,0.885,0.885,0.611,0.763,0.709,0.769,0.681,0.649,0.674,0.568,0.748,0.681,0.646,0.572,0.705,0.694,0.762,0.616,0.683,0.604,0.559,0.641,0.684,0.572,0.572,0.572,0.572,0.572,0.572,0.572,0.786,0.881,0.678,0.572
"KCNK12",0.313,0.313,0.72,0,0.531,0.531,0.313,0.313,0.313,0.313,0.313,0.531,0.531,0.531,0.652,0.627,0.531,0.457,0.457,0,0.457,0.573,0.652,0.652,0.652,0.641,0.573,0.678,0,0,0.573,0.313,0.853,0.853,0.853,0.853,0.313,0,0.457,0.313,0,0.531,0.313,0.717,0.313,0.693,0.531,0.732,0.402,0.313,0.313,0.531,0.557,0,0.661,0.652,0.573,0.732,0.732,0.732,0.732,0.732,0.732,0.732,0.313,0.658,0,0.732
"KCNN2",0.486,0.46,0.707,0.453,0.644,0.454,0.401,0.46,0.44,0.47,0.434,0.582,0.634,0.585,0.665,0.505,0.558,0.457,0.566,0.473,0.476,0.619,0.665,0.661,0.657,0.689,0.649,0.77,0,0,0.617,0.411,0.853,0.853,0.853,0.853,0.433,0.331,0.577,0.47,0.42,0.581,0.442,0.705,0.51,0.676,0.59,0.652,0.471,0.461,0.532,0.454,0.619,0.438,0.661,0.673,0.545,0.652,0.652,0.652,0.652,0.652,0.652,0.652,0.346,0.658,0,0.652
"KLF6",0.785,0.452,0.355,0.385,0.685,0.159,0.524,0.753,0.551,0.548,0.564,0.447,0.453,0.151,0.195,0.223,0.303,0.573,0.473,0.356,0.685,0.15,0.195,0.199,0.073,0.408,0.166,0.609,0.573,0.617,0,0.766,0.881,0.881,0.881,0.881,0.4,0.688,0.503,0.479,0.372,0.278,0.276,0.196,0.48,0.293,0.124,0,0.517,0.245,0.709,0.159,0.529,0.58,0.447,0.146,0,0,0,0,0,0,0,0,0.636,0.715,0.573,0
"LRRC4",0.542,0.507,0.827,0.65,0.73,0.67,0.514,0.291,0.541,0.413,0.583,0.751,0.768,0.73,0.774,0.738,0.477,0.627,0.697,0.625,0.673,0.766,0.774,0.779,0.788,0.8,0.762,0.848,0.313,0.411,0.766,0,0.903,0.903,0.903,0.903,0.54,0.267,0.58,0.567,0.577,0.748,0.564,0.81,0.646,0.81,0.747,0.823,0.592,0.557,0.594,0.67,0.73,0.599,0.759,0.787,0.694,0.823,0.823,0.823,0.823,0.823,0.823,0.823,0.551,0.669,0.313,0.823
"MIR1178",0.898,0.765,0.925,0.853,0.871,0.871,0.871,0.89,0.871,0.871,0.643,0.871,0.871,0.871,0.902,0.902,0.871,0.853,0.853,0.853,0.853,0.733,0.902,0.902,0.902,0.925,0.49,0.885,0.853,0.853,0.881,0.903,0,0,0,0,0.871,0.853,0.853,0.853,0.834,0.871,0.853,0.919,0.853,0.765,0.871,0.938,0.871,0.881,0.903,0.871,0.834,0.853,0.951,0.829,0.881,0.938,0.938,0.938,0.938,0.938,0.938,0.938,0.853,0.91,0.853,0.938
"MIR129-2",0.898,0.765,0.925,0.853,0.871,0.871,0.871,0.89,0.871,0.871,0.643,0.871,0.871,0.871,0.902,0.902,0.871,0.853,0.853,0.853,0.853,0.733,0.902,0.902,0.902,0.925,0.49,0.885,0.853,0.853,0.881,0.903,0,0,0,0,0.871,0.853,0.853,0.853,0.834,0.871,0.853,0.919,0.853,0.765,0.871,0.938,0.871,0.881,0.903,0.871,0.834,0.853,0.951,0.829,0.881,0.938,0.938,0.938,0.938,0.938,0.938,0.938,0.853,0.91,0.853,0.938
"MIR137",0.898,0.765,0.925,0.853,0.871,0.871,0.871,0.89,0.871,0.871,0.643,0.871,0.871,0.871,0.902,0.902,0.871,0.853,0.853,0.853,0.853,0.733,0.902,0.902,0.902,0.925,0.49,0.885,0.853,0.853,0.881,0.903,0,0,0,0,0.871,0.853,0.853,0.853,0.834,0.871,0.853,0.919,0.853,0.765,0.871,0.938,0.871,0.881,0.903,0.871,0.834,0.853,0.951,0.829,0.881,0.938,0.938,0.938,0.938,0.938,0.938,0.938,0.853,0.91,0.853,0.938
"MIR196A1",0.898,0.765,0.925,0.853,0.871,0.871,0.871,0.89,0.871,0.871,0.643,0.871,0.871,0.871,0.902,0.902,0.871,0.853,0.853,0.853,0.853,0.733,0.902,0.902,0.902,0.925,0.49,0.885,0.853,0.853,0.881,0.903,0,0,0,0,0.871,0.853,0.853,0.853,0.834,0.871,0.853,0.919,0.853,0.765,0.871,0.938,0.871,0.881,0.903,0.871,0.834,0.853,0.951,0.829,0.881,0.938,0.938,0.938,0.938,0.938,0.938,0.938,0.853,0.91,0.853,0.938
"NDRG4",0.474,0.332,0.454,0.331,0.686,0,0.209,0.489,0.266,0.369,0.451,0.495,0.452,0.408,0.625,0.564,0.432,0.531,0.51,0.506,0.648,0.451,0.625,0.581,0.565,0.381,0.455,0.611,0.313,0.433,0.4,0.54,0.871,0.871,0.871,0.871,0,0.426,0.524,0.336,0.306,0.389,0.25,0.51,0.439,0.597,0.428,0.306,0.29,0.244,0.41,0,0.47,0.449,0.392,0.565,0,0.306,0.306,0.306,0.306,0.306,0.306,0.306,0.436,0.554,0.313,0.306
"NPBWR1",0.401,0.468,0.774,0.479,0.63,0.531,0.36,0.178,0.404,0.34,0.489,0.664,0.685,0.633,0.707,0.573,0.46,0.457,0.576,0.425,0.555,0.688,0.707,0.71,0.723,0.718,0.679,0.763,0,0.331,0.688,0.267,0.853,0.853,0.853,0.853,0.426,0,0.51,0.455,0.416,0.654,0.412,0.753,0.534,0.743,0.655,0.732,0.462,0.425,0.486,0.531,0.623,0.365,0.661,0.72,0.573,0.732,0.732,0.732,0.732,0.732,0.732,0.732,0.428,0.416,0,0.732
"NPY",0.74,0.559,0.544,0.452,0.39,0.431,0.542,0.569,0.568,0.47,0.453,0.586,0.265,0.505,0.63,0.589,0.246,0,0.146,0.51,0.432,0.56,0.63,0.588,0.574,0.519,0.563,0.709,0.457,0.577,0.503,0.58,0.853,0.853,0.853,0.853,0.524,0.51,0,0.577,0.556,0.513,0.492,0.455,0.538,0.61,0.516,0.357,0.384,0.579,0.572,0.431,0.612,0.483,0.292,0.575,0.518,0.357,0.357,0.357,0.357,0.357,0.357,0.357,0.595,0.658,0.457,0.357
"PHLDB2",0.53,0.315,0.652,0.32,0.665,0.159,0.331,0.509,0.366,0.413,0.522,0.411,0.567,0.458,0.622,0.626,0.49,0.457,0.569,0.569,0.599,0.496,0.622,0.617,0.612,0.669,0.522,0.769,0.313,0.47,0.479,0.567,0.853,0.853,0.853,0.853,0.336,0.455,0.577,0,0.377,0.481,0.383,0.66,0.502,0.64,0.467,0.618,0.38,0.354,0.561,0.159,0.488,0.558,0.658,0.633,0,0.618,0.618,0.618,0.618,0.618,0.618,0.618,0.45,0.37,0.313,0.618
"PIK3R5",0.523,0.358,0.607,0.282,0.668,0,0.342,0.534,0.376,0.411,0.512,0.374,0.518,0.389,0.598,0.54,0.413,0.457,0.554,0.423,0.619,0.42,0.598,0.543,0.512,0.558,0.404,0.681,0,0.42,0.372,0.577,0.834,0.834,0.834,0.834,0.306,0.416,0.556,0.377,0,0.386,0.276,0.523,0.447,0.535,0.388,0,0.387,0.318,0.546,0,0.274,0.443,0.548,0.51,0,0,0,0,0,0,0,0,0.489,0.658,0,0
"PIWIL1",0.77,0.48,0.437,0.351,0.682,0,0.344,0.731,0.398,0.507,0.624,0.414,0.45,0.203,0.47,0.438,0.261,0.531,0.494,0.544,0.65,0.239,0.47,0.383,0.374,0.452,0.347,0.649,0.531,0.581,0.278,0.748,0.871,0.871,0.871,0.871,0.389,0.654,0.513,0.481,0.386,0,0.26,0.347,0.498,0.416,0.243,0,0.356,0.379,0.715,0,0.455,0.594,0.548,0.372,0.159,0,0,0,0,0,0,0,0.582,0.694,0.531,0
"PPP1R16B",0.529,0.389,0.479,0.351,0.635,0,0.242,0.479,0.298,0.396,0.461,0.474,0.455,0.252,0.462,0.384,0.283,0.457,0.475,0.388,0.581,0.332,0.462,0.431,0.375,0.486,0.323,0.674,0.313,0.442,0.276,0.564,0.853,0.853,0.853,0.853,0.25,0.412,0.492,0.383,0.276,0.26,0,0.346,0.406,0.472,0.255,0,0.294,0.199,0.531,0,0.487,0.497,0.548,0.376,0.159,0,0,0,0,0,0,0,0.458,0.406,0.313,0
"PRDM2",0.819,0.626,0.296,0.556,0.713,0.431,0.577,0.807,0.623,0.676,0.633,0.59,0.368,0.275,0.272,0.316,0.371,0.717,0.384,0.369,0.743,0.318,0.272,0.244,0.165,0.379,0.303,0.568,0.717,0.705,0.196,0.81,0.919,0.919,0.919,0.919,0.51,0.753,0.455,0.66,0.523,0.347,0.346,0,0.564,0.362,0.245,0,0.599,0.35,0.695,0.431,0.641,0.497,0.292,0.183,0.518,0,0,0,0,0,0,0,0.701,0.796,0.717,0
"RAB5A",0.718,0.38,0.62,0.34,0.642,0,0.51,0.589,0.517,0.413,0.577,0.519,0.398,0.502,0.648,0.481,0.484,0.457,0.555,0.535,0.676,0.522,0.648,0.647,0.605,0.593,0.533,0.748,0.313,0.51,0.48,0.646,0.853,0.853,0.853,0.853,0.439,0.534,0.538,0.502,0.447,0.498,0.406,0.564,0,0.638,0.474,0.129,0.497,0.504,0.548,0,0.605,0.598,0.447,0.61,0,0.129,0.129,0.129,0.129,0.129,0.129,0.129,0.618,0.269,0.313,0.129
"REC8",0.815,0.578,0.495,0.556,0.739,0.604,0.65,0.798,0.672,0.657,0.663,0.537,0.568,0.301,0.365,0.359,0.464,0.693,0.578,0.547,0.738,0.346,0.365,0.264,0.265,0.495,0.356,0.681,0.693,0.676,0.293,0.81,0.765,0.765,0.765,0.765,0.597,0.743,0.61,0.64,0.535,0.416,0.472,0.362,0.638,0,0.331,0,0.664,0.549,0.766,0.604,0.69,0.672,0.548,0.273,0.66,0,0,0,0,0,0,0,0.684,0.782,0.693,0
"SALL1",0.77,0.447,0.404,0.344,0.679,0,0.439,0.731,0.481,0.516,0.595,0.375,0.457,0.105,0.197,0.247,0.296,0.531,0.498,0.416,0.651,0.191,0.197,0.197,0.146,0.455,0.203,0.646,0.531,0.59,0.124,0.747,0.871,0.871,0.871,0.871,0.428,0.655,0.516,0.467,0.388,0.243,0.255,0.245,0.474,0.331,0,0,0.43,0.318,0.712,0,0.527,0.597,0.548,0.16,0.159,0,0,0,0,0,0,0,0.607,0.694,0.531,0
"SALL3",0.823,0.557,0.306,0.557,0.699,0.604,0.604,0.803,0.604,0.604,0.503,0.6,0.357,0,0.303,0,0,0.732,0.357,0.303,0.732,0,0.303,0,0,0.279,0,0.572,0.732,0.652,0,0.823,0.938,0.938,0.938,0.938,0.306,0.732,0.357,0.618,0,0,0,0,0.129,0,0,0,0.604,0.303,0.699,0.604,0.66,0.548,0.548,0,0.66,0,0,0,0,0,0,0,0.689,0.834,0.732,0
"SERPINB5",0.514,0.399,0.565,0.288,0.394,0,0.177,0.548,0.263,0.431,0.435,0.457,0.385,0.374,0.636,0.645,0.264,0.197,0.325,0.485,0.434,0.504,0.636,0.631,0.641,0.607,0.515,0.705,0.402,0.471,0.517,0.592,0.871,0.871,0.871,0.871,0.29,0.462,0.384,0.38,0.387,0.356,0.294,0.599,0.497,0.664,0.43,0.604,0,0.313,0.484,0,0.453,0.511,0.59,0.64,0.159,0.604,0.604,0.604,0.604,0.604,0.604,0.604,0.459,0.694,0.402,0.604
"SH3D19",0.42,0.349,0.482,0.354,0.668,0.159,0.191,0.497,0.291,0.454,0.458,0.547,0.539,0.366,0.389,0.461,0.41,0.573,0.554,0.319,0.618,0.33,0.389,0.51,0.355,0.571,0.31,0.694,0.313,0.461,0.245,0.557,0.881,0.881,0.881,0.881,0.244,0.425,0.579,0.354,0.318,0.379,0.199,0.35,0.504,0.549,0.318,0.303,0.313,0,0.495,0.159,0.408,0.495,0.637,0.399,0,0.303,0.303,0.303,0.303,0.303,0.303,0.303,0.454,0.715,0.313,0.303
"SLCO4C1",0.49,0.487,0.723,0.43,0.489,0.644,0.448,0.541,0.497,0.562,0.502,0.74,0.547,0.699,0.754,0.745,0.631,0.536,0.568,0.419,0.641,0.736,0.754,0.742,0.744,0.682,0.733,0.762,0.313,0.532,0.709,0.594,0.903,0.903,0.903,0.903,0.41,0.486,0.572,0.561,0.546,0.715,0.531,0.695,0.548,0.766,0.712,0.699,0.484,0.495,0,0.644,0.726,0.518,0.568,0.743,0.694,0.699,0.699,0.699,0.699,0.699,0.699,0.699,0.546,0.76,0.313,0.699
"SLFN13",0.67,0.159,0.381,0,0.588,0,0,0.627,0,0,0.531,0,0.361,0,0.546,0.546,0,0.531,0.431,0.531,0.531,0.159,0.546,0.546,0.546,0.381,0.159,0.616,0.531,0.454,0.159,0.67,0.871,0.871,0.871,0.871,0,0.531,0.431,0.159,0,0,0,0.431,0,0.604,0,0.604,0,0.159,0.644,0,0.159,0.531,0.59,0.546,0.159,0.604,0.604,0.604,0.604,0.604,0.604,0.604,0.476,0.694,0.531,0.604
"SOCS5",0.628,0.523,0.607,0.392,0.694,0.159,0.42,0.707,0.495,0.61,0.667,0.553,0.558,0.469,0.67,0.683,0.504,0.573,0.595,0.626,0.648,0.503,0.67,0.666,0.68,0.663,0.482,0.683,0.557,0.619,0.529,0.73,0.834,0.834,0.834,0.834,0.47,0.623,0.612,0.488,0.274,0.455,0.487,0.641,0.605,0.69,0.527,0.66,0.453,0.408,0.726,0.159,0,0.586,0.658,0.679,0,0.66,0.66,0.66,0.66,0.66,0.66,0.66,0.64,0.715,0.557,0.66
"ST8SIA1",0.529,0.576,0.558,0.47,0.644,0.531,0.437,0.565,0.5,0.527,0.539,0.652,0.524,0.562,0.644,0.618,0.544,0.457,0.406,0.401,0.584,0.626,0.644,0.6,0.619,0.498,0.619,0.604,0,0.438,0.58,0.599,0.853,0.853,0.853,0.853,0.449,0.365,0.483,0.558,0.443,0.594,0.497,0.497,0.598,0.672,0.597,0.548,0.511,0.495,0.518,0.531,0.586,0,0,0.623,0.573,0.548,0.548,0.548,0.548,0.548,0.548,0.548,0.539,0.658,0,0.548
"ST8SIA5",0.759,0.631,0.462,0.59,0.783,0.59,0.59,0.759,0.59,0.508,0.546,0.59,0.292,0.548,0.637,0.548,0.548,0.807,0.292,0.637,0.807,0.548,0.637,0.548,0.548,0.392,0.548,0.559,0.661,0.661,0.447,0.759,0.951,0.951,0.951,0.951,0.392,0.661,0.292,0.658,0.548,0.548,0.548,0.292,0.447,0.548,0.548,0.548,0.59,0.637,0.568,0.59,0.658,0,0,0.548,0.658,0.548,0.548,0.548,0.548,0.548,0.548,0.548,0.699,0.868,0.661,0.548
"TBX18",0.804,0.583,0.395,0.557,0.71,0.546,0.629,0.78,0.657,0.653,0.629,0.52,0.54,0.173,0.142,0.211,0.395,0.652,0.527,0.402,0.713,0.184,0.142,0.111,0.075,0.454,0.245,0.641,0.652,0.673,0.146,0.787,0.829,0.829,0.829,0.829,0.565,0.72,0.575,0.633,0.51,0.372,0.376,0.183,0.61,0.273,0.16,0,0.64,0.399,0.743,0.546,0.679,0.623,0.548,0,0.6,0,0,0,0,0,0,0,0.688,0.758,0.652,0
"WSB1",0.694,0,0.477,0,0.62,0.159,0.159,0.658,0.159,0.159,0.573,0.159,0.461,0.159,0.6,0.6,0.159,0.573,0.518,0.573,0.573,0,0.6,0.6,0.6,0.477,0,0.684,0.573,0.545,0,0.694,0.881,0.881,0.881,0.881,0,0.573,0.518,0,0,0.159,0.159,0.518,0,0.66,0.159,0.66,0.159,0,0.694,0.159,0,0.573,0.658,0.6,0,0.66,0.66,0.66,0.66,0.66,0.66,0.66,0.554,0.715,0.573,0.66
"ZIK1",0.823,0.557,0.306,0.557,0.699,0.604,0.604,0.803,0.604,0.604,0.503,0.6,0.357,0,0.303,0,0,0.732,0.357,0.303,0.732,0,0.303,0,0,0.279,0,0.572,0.732,0.652,0,0.823,0.938,0.938,0.938,0.938,0.306,0.732,0.357,0.618,0,0,0,0,0.129,0,0,0,0.604,0.303,0.699,0.604,0.66,0.548,0.548,0,0.66,0,0,0,0,0,0,0,0.689,0.834,0.732,0
"ZNF132",0.823,0.557,0.306,0.557,0.699,0.604,0.604,0.803,0.604,0.604,0.503,0.6,0.357,0,0.303,0,0,0.732,0.357,0.303,0.732,0,0.303,0,0,0.279,0,0.572,0.732,0.652,0,0.823,0.938,0.938,0.938,0.938,0.306,0.732,0.357,0.618,0,0,0,0,0.129,0,0,0,0.604,0.303,0.699,0.604,0.66,0.548,0.548,0,0.66,0,0,0,0,0,0,0,0.689,0.834,0.732,0
"ZNF154",0.823,0.557,0.306,0.557,0.699,0.604,0.604,0.803,0.604,0.604,0.503,0.6,0.357,0,0.303,0,0,0.732,0.357,0.303,0.732,0,0.303,0,0,0.279,0,0.572,0.732,0.652,0,0.823,0.938,0.938,0.938,0.938,0.306,0.732,0.357,0.618,0,0,0,0,0.129,0,0,0,0.604,0.303,0.699,0.604,0.66,0.548,0.548,0,0.66,0,0,0,0,0,0,0,0.689,0.834,0.732,0
"ZNF529",0.823,0.557,0.306,0.557,0.699,0.604,0.604,0.803,0.604,0.604,0.503,0.6,0.357,0,0.303,0,0,0.732,0.357,0.303,0.732,0,0.303,0,0,0.279,0,0.572,0.732,0.652,0,0.823,0.938,0.938,0.938,0.938,0.306,0.732,0.357,0.618,0,0,0,0,0.129,0,0,0,0.604,0.303,0.699,0.604,0.66,0.548,0.548,0,0.66,0,0,0,0,0,0,0,0.689,0.834,0.732,0
"ZNF582",0.823,0.557,0.306,0.557,0.699,0.604,0.604,0.803,0.604,0.604,0.503,0.6,0.357,0,0.303,0,0,0.732,0.357,0.303,0.732,0,0.303,0,0,0.279,0,0.572,0.732,0.652,0,0.823,0.938,0.938,0.938,0.938,0.306,0.732,0.357,0.618,0,0,0,0,0.129,0,0,0,0.604,0.303,0.699,0.604,0.66,0.548,0.548,0,0.66,0,0,0,0,0,0,0,0.689,0.834,0.732,0
"ZNF626",0.823,0.557,0.306,0.557,0.699,0.604,0.604,0.803,0.604,0.604,0.503,0.6,0.357,0,0.303,0,0,0.732,0.357,0.303,0.732,0,0.303,0,0,0.279,0,0.572,0.732,0.652,0,0.823,0.938,0.938,0.938,0.938,0.306,0.732,0.357,0.618,0,0,0,0,0.129,0,0,0,0.604,0.303,0.699,0.604,0.66,0.548,0.548,0,0.66,0,0,0,0,0,0,0,0.689,0.834,0.732,0
"ZNF793",0.823,0.557,0.306,0.557,0.699,0.604,0.604,0.803,0.604,0.604,0.503,0.6,0.357,0,0.303,0,0,0.732,0.357,0.303,0.732,0,0.303,0,0,0.279,0,0.572,0.732,0.652,0,0.823,0.938,0.938,0.938,0.938,0.306,0.732,0.357,0.618,0,0,0,0,0.129,0,0,0,0.604,0.303,0.699,0.604,0.66,0.548,0.548,0,0.66,0,0,0,0,0,0,0,0.689,0.834,0.732,0
"ASAM",0.486,0.455,0.69,0.499,0.671,0.476,0.377,0.489,0.212,0.496,0.423,0.46,0.632,0.596,0.672,0.668,0.577,0.457,0.569,0.569,0.468,0.626,0.672,0.669,0.669,0.708,0.662,0.786,0.313,0.346,0.636,0.551,0.853,0.853,0.853,0.853,0.436,0.428,0.595,0.45,0.489,0.582,0.458,0.701,0.618,0.684,0.607,0.689,0.459,0.454,0.546,0.476,0.64,0.539,0.699,0.688,0.554,0.689,0.689,0.689,0.689,0.689,0.689,0.689,0,0.658,0.313,0.689
"C15orf38",0.76,0.715,0.81,0.658,0.694,0.694,0.694,0.416,0.694,0.602,0.658,0.694,0.694,0.694,0.758,0.51,0.694,0.658,0.658,0.658,0.658,0.715,0.758,0.758,0.758,0.81,0.715,0.881,0.658,0.658,0.715,0.669,0.91,0.91,0.91,0.91,0.554,0.416,0.658,0.37,0.658,0.694,0.406,0.796,0.269,0.782,0.694,0.834,0.694,0.715,0.76,0.694,0.715,0.658,0.868,0.758,0.715,0.834,0.834,0.834,0.834,0.834,0.834,0.834,0.658,0,0.658,0.834
"FAM159A",0.313,0.313,0.72,0,0.531,0.531,0.313,0.313,0.313,0.313,0.313,0.531,0.531,0.531,0.652,0.627,0.531,0.457,0.457,0,0.457,0.573,0.652,0.652,0.652,0.641,0.573,0.678,0,0,0.573,0.313,0.853,0.853,0.853,0.853,0.313,0,0.457,0.313,0,0.531,0.313,0.717,0.313,0.693,0.531,0.732,0.402,0.313,0.313,0.531,0.557,0,0.661,0.652,0.573,0.732,0.732,0.732,0.732,0.732,0.732,0.732,0.313,0.658,0,0.732
"ZNF542",0.823,0.557,0.306,0.557,0.699,0.604,0.604,0.803,0.604,0.604,0.503,0.6,0.357,0,0.303,0,0,0.732,0.357,0.303,0.732,0,0.303,0,0,0.279,0,0.572,0.732,0.652,0,0.823,0.938,0.938,0.938,0.938,0.306,0.732,0.357,0.618,0,0,0,0,0.129,0,0,0,0.604,0.303,0.699,0.604,0.66,0.548,0.548,0,0.66,0,0,0,0,0,0,0,0.689,0.834,0.732,0
