"","ABCG1","ABL1","ABR","ACOT13","ADAMTS19","ADCY9","ADRB2","AGL","AGTPBP1","ALPL","ANKRD39","ANKZF1","ANO10","ANXA5","ARHGEF10L","ARHGEF7","ATP6V0B","BAHD1","BCL9","BCLAF1","C3orf38","CBL","CBLN1","CCDC103","CD1E","CDC20B","CDS2","CELSR2","CHAD","CHCHD1","CHP2","CITED2","CLMN","CNTN2","COL23A1","COL4A1","COL9A3","COMP","COPB1","CPOX","CPSF4","CXCL2","CYP1B1","DAB1","DBH","DCDC2B","DENND4A","DHX35","DIO3","DIP2B","DIRAS3","DMRTA2","DTYMK","ELOVL3","ELP3","EN2","EPHA4","EXOSC8","FAM3B","FANCA","FBXO38","FBXO9","FGF4","FLOT1","FRG1","FXYD7","GAB1","GABBR1","GAS2L1","GATA4","GATA5","GDF7","GLYR1","GNPDA2","GPR63","GRPEL2","GYS1","HAND2","HCRTR1","HGSNAT","HOXB8","HOXD12","HYOU1","ISL1","ISM1","JAG1","JUN","KCNH2","KCNK2","KHDRBS3","LDB1","LIN52","LONP2","LPGAT1","LTV1","MAGI2","MAPK1","MRPL17","MTNR1A","MYLK","NANP","NCEH1","NKAIN2","NOL10","OPRK1","OR10C1","OR10K2","PAQR3","PARD6B","PCDH12","PCDHGA4","PDE5A","PFDN4","PFKP","PHIP","PHKG1","PITRM1","PKDCC","PLCH2","PPP4R2","PRC1","PRKAB2","PRKCH","PRSS12","PSMD9","RAB3C","RAB40B","RAPGEFL1","RBM24","RFC2","RGMA","RGS4","RHOBTB3","RIF1","RNF215","RNF6","ROBO3","RPL19","RPL35","RPL39L","RPS9","RUNX3","SCUBE1","SDC3","SDK1","SECTM1","SERINC5","SFRP5","SFXN3","SGPP1","SLC22A15","SLC22A3","SNX27","SPSB4","SRCIN1","STIM1","STK16","STK19","SV2C","TAF6L","TARS2","TBCD","TBXA2R","TCP11","TECPR1","TERF1","TMEM104","TMEM39A","TNFRSF11A","TNNI2","TOMM7","TPM1","TRAF3IP3","TRIL","TRIM62","TROAP","TUBA1C","UBL5","UNC5C","UNC5D","WDR76","WWP1","YBX1","YIPF1","YJEFN3","ZC3H12C","ZC3H14","ZC3H3","ZNF480","ZNF76","BRP44L","C10orf93","C12orf52","C17orf96","C1orf170","C1orf86","CCDC113","FAM103A1","FAM119A","H1FX","KIAA1737","MIR453","OBFC2A","PXMP3","SFRS12","TMEM57","TSTA3","YARS"
"ABCG1",0,0.745,0.878,0.826,0.839,0.828,0.736,0.862,0.773,0.724,0.62,0.861,0.73,0.756,0.869,0.83,0.828,0.926,0.844,0.817,0.894,0.699,0.757,0.85,0.873,0.879,0.836,0.773,0.914,0.693,0.705,0.807,0.8,0.784,0.744,0.859,0.744,0.733,0.759,0.923,0.73,0.84,0.705,0.812,0.782,0.639,0.897,0.923,0.832,0.768,0.831,0.858,0.816,0.851,0.846,0.864,0.741,0.878,0.771,0.843,0.847,0.832,0.771,0.739,0.91,0.739,0.788,0.713,0.865,0.809,0.811,0.817,0.917,0.873,0.778,0.75,0.93,0.806,0.829,0.776,0.845,0.882,0.776,0.773,0.79,0.77,0.792,0.702,0.775,0.904,0.777,0.729,0.7,0.869,0.843,0.747,0.703,0.693,0.842,0.816,0.86,0.802,0.67,0.807,0.751,0.855,0.855,0.843,0.79,0.845,0.862,0.871,0.816,0.864,0.798,0.862,0.768,0.738,0.808,0.848,0.823,0.814,0.765,0.794,0.785,0.762,0.709,0.862,0.773,0.874,0.809,0.761,0.799,0.78,0.674,0.819,0.852,0.914,0.902,0.906,0.826,0.749,0.828,0.677,0.846,0.82,0.807,0.777,0.725,0.699,0.636,0.623,0.687,0.774,0.792,0.813,0.851,0.897,0.724,0.832,0.878,0.82,0.768,0.864,0.877,0.776,0.62,0.883,0.693,0.905,0.758,0.828,0.877,0.864,0.817,0.64,0.771,0.802,0.832,0.856,0.875,0.716,0.702,0.269,0.665,0.62,0.911,0.8,0.743,0.891,0.763,0.915,0.799,0.871,0.868,0.865,0.834,0.868,0.866,0.886,0.829,0.827,0.835,0.757,0.912,0.837,0.86,0.865
"ABL1",0.745,0,0.776,0.868,0.864,0.706,0.598,0.895,0.696,0.708,0.62,0.836,0.879,0.697,0.752,0.598,0.859,0.901,0.755,0.709,0.828,0.597,0.722,0.841,0.858,0.879,0.895,0.633,0.876,0.641,0.745,0.533,0.78,0.759,0.399,0.725,0.399,0.616,0.888,0.93,0.585,0.812,0.56,0.663,0.724,0.098,0.832,0.906,0.792,0.748,0.743,0.79,0.79,0.868,0.758,0.749,0.513,0.883,0.715,0.705,0.803,0.751,0.528,0.573,0.873,0.87,0.669,0.714,0.798,0.63,0.676,0.645,0.911,0.905,0.731,0.823,0.886,0.594,0.75,0.847,0.78,0.819,0.756,0.548,0.457,0.591,0.608,0.758,0.682,0.901,0.585,0,0.818,0.889,0.903,0.597,0.452,0.641,0.766,0.735,0.883,0.824,0.647,0.717,0.715,0.771,0.771,0.784,0.722,0.773,0.776,0.757,0.802,0.853,0.63,0.873,0.892,0.729,0.775,0.822,0.748,0.719,0.591,0.874,0.85,0.841,0.729,0.717,0.703,0.831,0.693,0.68,0.841,0.691,0.616,0.742,0.803,0.916,0.907,0.898,0.766,0.606,0.67,0.364,0.802,0.698,0.819,0.608,0.857,0.739,0.812,0.839,0.701,0.708,0.722,0.827,0.796,0.803,0.837,0.78,0.889,0.734,0.66,0.768,0.836,0.751,0.62,0.841,0.593,0.883,0.855,0.677,0.796,0.802,0.721,0.169,0.784,0.862,0.675,0.703,0.811,0.65,0.675,0.457,0.755,0.62,0.902,0.84,0.0610000000000001,0.82,0.827,0.903,0.705,0.815,0.859,0.808,0.359,0.881,0.853,0.86,0.827,0.751,0.763,0.75,0.918,0.732,0.803,0.834
"ABR",0.878,0.776,0,0.905,0.919,0.494,0.728,0.911,0.886,0.887,0.786,0.89,0.901,0.602,0.504,0.588,0.884,0.929,0.797,0.777,0.849,0.715,0.764,0.922,0.867,0.927,0.915,0.746,0.912,0.941,0.747,0.87,0.8,0.868,0.882,0.832,0.882,0.869,0.898,0.945,0.927,0.795,0.85,0.744,0.816,0.098,0.564,0.953,0.887,0.851,0.501,0.904,0.896,0.918,0.891,0.899,0.784,0.928,0.539,0.752,0.886,0.723,0.75,0.712,0.944,0.865,0.63,0.665,0.832,0.863,0.822,0.813,0.93,0.945,0.525,0.844,0.953,0.859,0.588,0.886,0.902,0.914,0.754,0.867,0.919,0.839,0.769,0.863,0.752,0.911,0.834,0.884,0.908,0.921,0.908,0.656,0.723,0.941,0.567,0.885,0.921,0.838,0.882,0.929,0.746,0.568,0.568,0.817,0.793,0.864,0.849,0.725,0.818,0.886,0.763,0.914,0.953,0.909,0.639,0.88,0.796,0.57,0.636,0.904,0.875,0.855,0.6,0.329,0.858,0.88,0.805,0.691,0.919,0.842,0.933,0.827,0.878,0.951,0.946,0.949,0.826,0.842,0.643,0.859,0.878,0.528,0.856,0.634,0.885,0.726,0.857,0.932,0.662,0.658,0.852,0.882,0.884,0.622,0.685,0.871,0.909,0.843,0.746,0.616,0.875,0.873,0.786,0.88,0.766,0.935,0.886,0.817,0.607,0.71,0.792,0.769,0.813,0.929,0.767,0.716,0.781,0.691,0.874,0.792,0.748,0.786,0.905,0.764,0.882,0.908,0.828,0.928,0.666,0.903,0.871,0.821,0.924,0.92,0.917,0.909,0.841,0.85,0.811,0.866,0.941,0.614,0.88,0.888
"ACOT13",0.826,0.868,0.905,0,0.705,0.871,0.814,0.871,0.812,0.848,0.683,0.837,0.919,0.788,0.864,0.868,0.882,0.862,0.871,0.886,0.903,0.862,0.849,0.849,0.906,0.788,0.728,0.863,0.884,0.77,0.901,0.888,0.868,0.873,0.79,0.89,0.79,0.807,0.927,0.857,0.683,0.927,0.808,0.893,0.82,0.867,0.886,0.851,0.846,0.796,0.792,0.898,0.865,0.582,0.832,0.89,0.855,0.764,0.883,0.751,0.824,0.801,0.876,0.859,0.818,0.891,0.899,0.879,0.888,0.89,0.837,0.888,0.867,0.701,0.78,0.874,0.868,0.883,0.895,0.651,0.865,0.868,0.883,0.858,0.761,0.89,0.883,0.872,0.88,0.801,0.813,0.838,0.791,0.656,0.854,0.882,0.875,0.77,0.876,0.855,0.692,0.611,0.893,0.736,0.889,0.896,0.896,0.859,0.755,0.851,0.866,0.873,0.805,0.808,0.844,0.667,0.733,0.865,0.683,0.739,0.843,0.644,0.835,0.796,0.792,0.901,0.829,0.895,0.834,0.823,0.839,0.882,0.817,0.809,0.731,0.786,0.918,0.839,0.808,0.868,0.807,0.85,0.872,0.903,0.86,0.875,0.834,0.856,0.87,0.729,0.832,0.912,0.877,0.774,0.87,0.913,0.84,0.848,0.885,0.801,0.794,0.795,0.863,0.888,0.82,0.793,0.683,0.835,0.86,0.901,0.887,0.853,0.828,0.854,0.813,0.815,0.839,0.775,0.892,0.899,0.897,0.821,0.843,0.834,0.872,0.683,0.836,0.859,0.823,0.864,0.796,0.869,0.882,0.892,0.874,0.826,0.768,0.72,0.771,0.78,0.8,0.737,0.836,0.787,0.777,0.894,0.802,0.872
"ADAMTS19",0.839,0.864,0.919,0.705,0,0.873,0.894,0.878,0.716,0.915,0.748,0.673,0.904,0.903,0.83,0.864,0.897,0.874,0.862,0.874,0.886,0.832,0.854,0.894,0.923,0.638,0.825,0.88,0.95,0.628,0.912,0.917,0.859,0.817,0,0.715,0,0.82,0.896,0.821,0.674,0.937,0.852,0.909,0.91,0.863,0.881,0.838,0.849,0.802,0.753,0.896,0.866,0.805,0.825,0.894,0.831,0.763,0.88,0.833,0.73,0.68,0.874,0.829,0.807,0.904,0.923,0.916,0.821,0.921,0.879,0.898,0.88,0.759,0.783,0.83,0.881,0.913,0.906,0.702,0.901,0.892,0.871,0.89,0.969,0.924,0.882,0.926,0.908,0.771,0.846,0.824,0.633,0.784,0.838,0.886,0.876,0.628,0.89,0.844,0.744,0.787,0.959,0.75,0.929,0.907,0.907,0.81,0.788,0.827,0.846,0.922,0.715,0.838,0.834,0.722,0.388,0.881,0.817,0.631,0.804,0.851,0.822,0.569,0.753,0.901,0.768,0.911,0.837,0.762,0.756,0.927,0.656,0.812,0.473,0.696,0.891,0.696,0.695,0.782,0.72,0.854,0.907,0.86,0.878,0.891,0.859,0.874,0.868,0.789,0.843,0.933,0.885,0.682,0.825,0.957,0.757,0.746,0.88,0.789,0.738,0.8,0.931,0.914,0.829,0.821,0.748,0.88,0.901,0.916,0.887,0.879,0.866,0.894,0.827,0.755,0.764,0.624,0.899,0.886,0.898,0.757,0.852,0.783,0.897,0.748,0.858,0.849,0.815,0.864,0.796,0.867,0.885,0.872,0.87,0.786,0.794,0.759,0.609,0.781,0.86,0.812,0.83,0.805,0.727,0.909,0.834,0.793
"ADCY9",0.828,0.706,0.494,0.871,0.873,0,0.634,0.875,0.797,0.799,0.743,0.84,0.877,0.503,0.584,0.559,0.843,0.881,0.653,0.725,0.824,0.642,0.759,0.847,0.84,0.897,0.856,0.6,0.842,0.781,0.742,0.716,0.756,0.825,0.839,0.7,0.839,0.747,0.877,0.801,0.826,0.725,0.765,0.662,0.777,0,0.642,0.681,0.839,0.777,0.486,0.826,0.701,0.806,0.79,0.765,0.749,0.866,0.448,0.68,0.853,0.708,0.626,0.692,0.851,0.847,0.482,0.624,0.789,0.754,0.741,0.666,0.92,0.845,0.401,0.815,0.865,0.708,0.559,0.854,0.777,0.735,0.736,0.742,0.855,0.718,0.673,0.81,0.598,0.863,0.697,0.766,0.872,0.844,0.885,0.541,0.613,0.781,0.435,0.832,0.834,0.784,0.841,0.886,0.676,0.446,0.446,0.794,0.751,0.755,0.755,0.635,0.789,0.781,0.693,0.869,0.909,0.772,0.513,0.808,0.76,0.457,0.531,0.876,0.847,0.828,0.532,0.402,0.776,0.832,0.71,0.603,0.863,0.76,0.895,0.763,0.841,0.871,0.869,0.866,0.744,0.742,0.476,0.822,0.823,0.424,0.828,0.507,0.85,0.622,0.83,0.896,0.577,0.583,0.815,0.872,0.818,0.695,0.798,0.79,0.844,0.798,0.622,0.435,0.844,0.803,0.743,0.852,0.664,0.877,0.869,0.809,0.56,0.62,0.754,0.741,0.788,0.885,0.655,0.607,0.74,0.538,0.723,0.763,0.694,0.743,0.877,0.727,0.783,0.793,0.81,0.911,0.532,0.84,0.817,0.722,0.886,0.884,0.884,0.872,0.802,0.782,0.749,0.827,0.888,0.479,0.773,0.833
"ADRB2",0.736,0.598,0.728,0.814,0.894,0.634,0,0.866,0.773,0.718,0.62,0.847,0.842,0.652,0.759,0.684,0.829,0.877,0.674,0.693,0.874,0.621,0.75,0.858,0.859,0.896,0.894,0.65,0.889,0.517,0.688,0.657,0.804,0.791,0.862,0.761,0.862,0.674,0.852,0.893,0.543,0.79,0.682,0.721,0.668,0.185,0.772,0.906,0.787,0.762,0.693,0.788,0.797,0.791,0.77,0.766,0.656,0.836,0.698,0.722,0.855,0.736,0.58,0.617,0.883,0.814,0.652,0.677,0.848,0.65,0.637,0.665,0.894,0.884,0.672,0.833,0.897,0.67,0.704,0.836,0.776,0.803,0.745,0.654,0.662,0.662,0.61,0.696,0.635,0.885,0.605,0.192,0.836,0.876,0.908,0.594,0.56,0.517,0.694,0.712,0.881,0.815,0,0.704,0.658,0.72,0.72,0.796,0.784,0.844,0.846,0.724,0.827,0.86,0.609,0.869,0.885,0.715,0.738,0.823,0.796,0.617,0.593,0.863,0.814,0.834,0.703,0.688,0.728,0.825,0.703,0.613,0.826,0.728,0.797,0.734,0.85,0.89,0.882,0.878,0.766,0.655,0.633,0.77,0.846,0.656,0.813,0.581,0.831,0.724,0.769,0.747,0.606,0.692,0.758,0.791,0.783,0.775,0.815,0.719,0.856,0.823,0.585,0.717,0.813,0.746,0.62,0.824,0.576,0.794,0.821,0.722,0.756,0.752,0.684,0.724,0.813,0.859,0.724,0.755,0.836,0.643,0.688,0.235,0.739,0.62,0.883,0.785,0.161,0.782,0.82,0.931,0.657,0.807,0.815,0.81,0.859,0.857,0.883,0.88,0.798,0.82,0.801,0.777,0.9,0.726,0.842,0.835
"AGL",0.862,0.895,0.911,0.871,0.878,0.875,0.866,0,0.902,0.736,0.735,0.775,0.932,0.773,0.914,0.918,0.934,0.884,0.855,0.84,0.933,0.804,0.942,0.947,0.853,0.869,0.887,0.897,0.954,0.692,0.886,0.89,0.938,0.868,0.934,0.916,0.934,0.896,0.939,0.888,0.85,0.762,0.78,0.933,0.875,0.84,0.856,0.914,0.868,0.851,0.843,0.912,0.791,0.853,0.881,0.9,0.901,0.83,0.89,0.878,0.836,0.823,0.891,0.906,0.906,0.933,0.83,0.869,0.874,0.859,0.877,0.894,0.938,0.816,0.815,0.903,0.548,0.904,0.842,0.862,0.884,0.876,0.85,0.895,0.962,0.919,0.85,0.911,0.84,0.898,0.881,0.761,0.758,0.85,0.944,0.881,0.845,0.692,0.883,0.884,0.817,0.796,0.947,0.892,0.843,0.852,0.852,0.921,0.912,0.724,0.9,0.918,0.884,0.824,0.875,0.553,0.88,0.916,0.85,0.865,0.911,0.769,0.882,0.91,0.873,0.923,0.871,0.896,0.877,0.803,0.869,0.864,0.878,0.839,0.728,0.818,0.806,0.788,0.801,0.82,0.81,0.839,0.877,0.917,0.88,0.835,0.839,0.881,0.892,0.881,0.86,0.902,0.904,0.819,0.933,0.911,0.794,0.872,0.915,0.85,0.847,0.917,0.755,0.912,0.835,0.862,0.735,0.865,0.787,0.894,0.931,0.924,0.907,0.856,0.858,0.88,0.89,0.889,0.893,0.9,0.884,0.84,0.86,0.891,0.933,0.735,0.894,0.906,0.778,0.854,0.834,0.956,0.88,0.895,0.786,0.807,0.957,0.87,0.857,0.911,0.841,0.904,0.84,0.837,0.886,0.78,0.872,0.711
"AGTPBP1",0.773,0.696,0.886,0.812,0.716,0.797,0.773,0.902,0,0.798,0.671,0.802,0.879,0.833,0.839,0.719,0.873,0.918,0.762,0.866,0.891,0.734,0.679,0.776,0.911,0.748,0.887,0.695,0.809,0.628,0.84,0.682,0.646,0.717,0.623,0.706,0.623,0.659,0.862,0.896,0.674,0.921,0.724,0.603,0.779,0.651,0.899,0.842,0.739,0.657,0.821,0.699,0.829,0.844,0.694,0.624,0.593,0.825,0.862,0.75,0.733,0.697,0.68,0.77,0.776,0.876,0.807,0.766,0.846,0.75,0.766,0.672,0.921,0.834,0.787,0.811,0.793,0.692,0.865,0.799,0.671,0.749,0.81,0.66,0.791,0.669,0.81,0.845,0.748,0.881,0.634,0.79,0.711,0.849,0.881,0.661,0.696,0.628,0.844,0.737,0.825,0.812,0.865,0.75,0.793,0.861,0.861,0.772,0.732,0.726,0.724,0.81,0.797,0.873,0.722,0.824,0.689,0.659,0.825,0.747,0.754,0.843,0.69,0.787,0.803,0.867,0.765,0.741,0.736,0.83,0.656,0.793,0.695,0.784,0.42,0.689,0.772,0.84,0.83,0.818,0.752,0.596,0.748,0.826,0.731,0.812,0.799,0.665,0.835,0.735,0.788,0.852,0.805,0.701,0.757,0.868,0.812,0.797,0.838,0.803,0.855,0.705,0.831,0.818,0.849,0.783,0.671,0.853,0.774,0.858,0.85,0.754,0.887,0.896,0.76,0.726,0.749,0.744,0.709,0.732,0.89,0.621,0.747,0.698,0.813,0.671,0.896,0.883,0.813,0.746,0.81,0.893,0.715,0.765,0.892,0.857,0.655,0.846,0.731,0.845,0.842,0.769,0.824,0.722,0.874,0.734,0.848,0.851
"ALPL",0.724,0.708,0.887,0.848,0.915,0.799,0.718,0.736,0.798,0,0.62,0.856,0.905,0.71,0.892,0.782,0.845,0.956,0.801,0.814,0.904,0.723,0.784,0.839,0.847,0.926,0.898,0.767,0.805,0.789,0.841,0.622,0.862,0.781,0.783,0.736,0.783,0.621,0.914,0.899,0.678,0.744,0.616,0.778,0.709,0.715,0.92,0.872,0.787,0.724,0.859,0.745,0.657,0.822,0.803,0.771,0.737,0.865,0.859,0.792,0.842,0.813,0.668,0.766,0.82,0.903,0.713,0.699,0.88,0.646,0.72,0.692,0.938,0.892,0.782,0.858,0.838,0.618,0.752,0.894,0.785,0.751,0.813,0.654,0.72,0.653,0.809,0.767,0.742,0.922,0.733,0.788,0.759,0.871,0.919,0.73,0.649,0.789,0.85,0.817,0.83,0.811,0.875,0.735,0.702,0.86,0.86,0.886,0.817,0.797,0.775,0.829,0.846,0.751,0.789,0.855,0.925,0.652,0.836,0.889,0.843,0.773,0.765,0.914,0.922,0.885,0.87,0.779,0.748,0.892,0.809,0.711,0.849,0.751,0.809,0.821,0.768,0.941,0.928,0.864,0.887,0.681,0.746,0.763,0.743,0.778,0.776,0.737,0.87,0.78,0.796,0.853,0.825,0.828,0.864,0.732,0.818,0.905,0.878,0.859,0.889,0.81,0.644,0.805,0.883,0.816,0.62,0.889,0.564,0.909,0.871,0.797,0.878,0.843,0.823,0.64,0.834,0.92,0.738,0.814,0.881,0.779,0.754,0.68,0.835,0.62,0.937,0.913,0.783,0.824,0.79,0.942,0.806,0.83,0.859,0.861,0.857,0.857,0.911,0.922,0.848,0.783,0.843,0.816,0.917,0.735,0.854,0.837
"ANKRD39",0.62,0.62,0.786,0.683,0.748,0.743,0.62,0.735,0.671,0.62,0,0.86,0.704,0.62,0.747,0.731,0.797,0.942,0.692,0.671,0.671,0.533,0.704,0.709,0.617,0.821,0.857,0.666,0.776,0.897,0.793,0.533,0.793,0.617,0.748,0.725,0.748,0.62,0.726,0.877,0.84,0.671,0.617,0.699,0.533,0.791,0.85,0.743,0.671,0,0.786,0.692,0.704,0.835,0.766,0.782,0.617,0.836,0.671,0.772,0.666,0.699,0.62,0.671,0.776,0.747,0.704,0.62,0.753,0.62,0.716,0.716,0.84,0.683,0,0.533,0.776,0.62,0.533,0.708,0.533,0.685,0.533,0.533,0.898,0.62,0.731,0.62,0.671,0.84,0.617,0.928,0.671,0.81,0.704,0.731,0.533,0.897,0.533,0.704,0.683,0.708,0.823,0.852,0.533,0.791,0.791,0.768,0.533,0.617,0.617,0.704,0.533,0.721,0.704,0.683,0.772,0.62,0.773,0.798,0.533,0.796,0.666,0.786,0.77,0.533,0.671,0.731,0.666,0.748,0.771,0.736,0.808,0.533,0.863,0.788,0.721,0.89,0.852,0.81,0.748,0.533,0.671,0.742,0.721,0.617,0.74,0.533,0.716,0.772,0,0.671,0.62,0.37,0.786,0.748,0.834,0.86,0.671,0.755,0.82,0.533,0.62,0.782,0.758,0.533,0,0.758,0.533,0.704,0.62,0.671,0.828,0.671,0.788,0.617,0.533,0.798,0.671,0.671,0.731,0.747,0.671,0.685,0.783,0,0.914,0.814,0.917,0.766,0,0.819,0.771,0.699,0.62,0.731,0.853,0.533,0.755,0.748,0.37,0.82,0.671,0.671,0.822,0.742,0.699,0.671
"ANKZF1",0.861,0.836,0.89,0.837,0.673,0.84,0.847,0.775,0.802,0.856,0.86,0,0.932,0.829,0.857,0.897,0.915,0.741,0.806,0.714,0.917,0.767,0.929,0.95,0.912,0.604,0.882,0.854,0.961,0.39,0.815,0.88,0.909,0.91,0.932,0.895,0.932,0.871,0.931,0.818,0.789,0.829,0.77,0.922,0.877,0.806,0.728,0.884,0.831,0.824,0.741,0.86,0.812,0.817,0.688,0.827,0.823,0.753,0.848,0.835,0.689,0.626,0.851,0.856,0.874,0.919,0.846,0.89,0.866,0.864,0.819,0.869,0.88,0.787,0.84,0.889,0.862,0.883,0.868,0.734,0.832,0.809,0.772,0.881,0.96,0.906,0.679,0.883,0.811,0.8,0.813,0.427,0.634,0.8,0.941,0.851,0.809,0.39,0.87,0.816,0.78,0.754,0.952,0.851,0.869,0.854,0.854,0.805,0.886,0.868,0.894,0.902,0.789,0.815,0.765,0.79,0.668,0.893,0.808,0.713,0.883,0.814,0.785,0.768,0.639,0.924,0.795,0.879,0.718,0.71,0.768,0.863,0.621,0.72,0.23,0.616,0.889,0.542,0.587,0.641,0.534,0.761,0.865,0.912,0.886,0.846,0.851,0.838,0.869,0.807,0.907,0.941,0.876,0.597,0.858,0.931,0.668,0.749,0.906,0.679,0.691,0.902,0.863,0.893,0.783,0.777,0.86,0.824,0.82,0.831,0.903,0.857,0.852,0.846,0.756,0.851,0.874,0.762,0.894,0.893,0.777,0.638,0.739,0.862,0.925,0.86,0.768,0.872,0.469,0.7,0.893,0.951,0.811,0.801,0.718,0.693,0.956,0.84,0.737,0.844,0.793,0.77,0.756,0.763,0.821,0.858,0.853,0.717
"ANO10",0.73,0.879,0.901,0.919,0.904,0.877,0.842,0.932,0.879,0.905,0.704,0.932,0,0.882,0.879,0.888,0.675,0.967,0.894,0.891,0.872,0.864,0.815,0.823,0.909,0.923,0.894,0.843,0.948,0.921,0.767,0.91,0.749,0.821,0.844,0.904,0.844,0.875,0.665,0.934,0.9,0.916,0.891,0.875,0.898,0.829,0.941,0.942,0.891,0.814,0.899,0.896,0.907,0.918,0.9,0.909,0.892,0.925,0.795,0.912,0.921,0.891,0.867,0.85,0.932,0.333,0.892,0.844,0.879,0.916,0.908,0.903,0.969,0.93,0.763,0.706,0.941,0.909,0.879,0.681,0.913,0.919,0.782,0.91,0.962,0.903,0.897,0.62,0.755,0.938,0.886,0.94,0.812,0.917,0.802,0.836,0.872,0.921,0.869,0.821,0.901,0.888,0.426,0.903,0.861,0.894,0.894,0.897,0.804,0.836,0.823,0.921,0.798,0.891,0.907,0.893,0.821,0.83,0.796,0.927,0.821,0.88,0.876,0.719,0.888,0.758,0.667,0.893,0.9,0.918,0.934,0.805,0.804,0.874,0.908,0.923,0.894,0.945,0.936,0.939,0.894,0.896,0.884,0.753,0.904,0.871,0.812,0.853,0.384,0.813,0.374,0.491,0.713,0.867,0.791,0.706,0.924,0.936,0.504,0.921,0.928,0.825,0.908,0.898,0.875,0.874,0.704,0.895,0.891,0.945,0.784,0.903,0.918,0.914,0.927,0.719,0.69,0.883,0.887,0.868,0.885,0.59,0.843,0.423,0.748,0.704,0.958,0.749,0.936,0.944,0.622,0.886,0.799,0.894,0.919,0.89,0.898,0.896,0.901,0.923,0.862,0.873,0.889,0.82,0.929,0.894,0.879,0.882
"ANXA5",0.756,0.697,0.602,0.788,0.903,0.503,0.652,0.773,0.833,0.71,0.62,0.829,0.882,0,0.66,0.627,0.85,0.908,0.757,0.648,0.679,0.587,0.79,0.879,0.796,0.904,0.892,0.687,0.848,0.908,0.762,0.765,0.767,0.827,0.839,0.778,0.839,0.681,0.883,0.926,0.887,0.657,0.724,0.729,0.718,0.085,0.744,0.901,0.783,0.778,0.648,0.864,0.767,0.867,0.848,0.771,0.76,0.888,0.528,0.744,0.826,0.769,0.636,0.708,0.897,0.838,0.505,0.602,0.797,0.747,0.756,0.76,0.915,0.918,0.54,0.836,0.902,0.751,0.613,0.871,0.827,0.835,0.68,0.775,0.712,0.766,0.691,0.793,0.686,0.892,0.777,0.828,0.768,0.898,0.888,0.605,0.623,0.908,0.549,0.807,0.895,0.762,0.841,0.89,0.614,0.581,0.581,0.814,0.77,0.842,0.817,0.721,0.807,0.807,0.63,0.888,0.93,0.843,0.644,0.85,0.776,0.585,0.565,0.896,0.87,0.827,0.673,0.597,0.805,0.865,0.765,0.588,0.889,0.758,0.895,0.809,0.786,0.939,0.929,0.908,0.812,0.735,0.486,0.822,0.781,0.548,0.863,0.574,0.87,0.708,0.798,0.891,0.668,0.684,0.83,0.835,0.804,0.785,0.811,0.808,0.881,0.802,0.547,0.635,0.855,0.823,0.62,0.85,0.585,0.875,0.838,0.76,0.657,0.648,0.765,0.741,0.801,0.91,0.668,0.647,0.728,0.699,0.809,0.763,0.752,0.62,0.88,0.799,0.818,0.856,0.767,0.914,0.662,0.877,0.804,0.778,0.886,0.883,0.898,0.877,0.764,0.782,0.739,0.805,0.922,0.574,0.837,0.739
"ARHGEF10L",0.869,0.752,0.504,0.864,0.83,0.584,0.759,0.914,0.839,0.892,0.747,0.857,0.879,0.66,0,0.661,0.843,0.89,0.813,0.758,0.83,0.718,0.765,0.831,0.875,0.804,0.839,0.746,0.921,0.921,0.8,0.862,0.792,0.801,0.666,0.791,0.666,0.844,0.876,0.929,0.9,0.819,0.849,0.772,0.85,0.322,0.641,0.941,0.864,0.854,0.637,0.886,0.888,0.903,0.883,0.89,0.812,0.916,0.6,0.72,0.859,0.735,0.764,0.722,0.913,0.862,0.686,0.769,0.58,0.867,0.826,0.818,0.94,0.937,0.595,0.806,0.944,0.859,0.705,0.817,0.901,0.913,0.694,0.86,0.928,0.847,0.782,0.871,0.764,0.907,0.808,0.895,0.804,0.9,0.835,0.691,0.746,0.921,0.634,0.845,0.905,0.85,0.901,0.864,0.798,0.639,0.639,0.815,0.712,0.837,0.823,0.762,0.77,0.87,0.699,0.896,0.896,0.893,0.706,0.855,0.677,0.634,0.682,0.887,0.851,0.853,0.675,0.636,0.841,0.797,0.788,0.667,0.909,0.788,0.908,0.824,0.852,0.938,0.912,0.942,0.809,0.851,0.671,0.821,0.85,0.589,0.896,0.658,0.862,0.767,0.85,0.924,0.699,0.722,0.739,0.921,0.88,0.673,0.826,0.804,0.911,0.717,0.781,0.695,0.811,0.811,0.747,0.836,0.791,0.928,0.834,0.669,0.696,0.742,0.814,0.719,0.686,0.9,0.787,0.735,0.716,0.723,0.87,0.748,0.748,0.747,0.913,0.78,0.895,0.912,0.833,0.801,0.7,0.887,0.886,0.749,0.701,0.888,0.801,0.802,0.855,0.873,0.772,0.792,0.923,0.675,0.86,0.846
"ARHGEF7",0.83,0.598,0.588,0.868,0.864,0.559,0.684,0.918,0.719,0.782,0.731,0.897,0.888,0.627,0.661,0,0.835,0.907,0.75,0.708,0.724,0.663,0.66,0.75,0.867,0.846,0.86,0.58,0.827,0.908,0.753,0.618,0.74,0.732,0.659,0.648,0.659,0.659,0.896,0.941,0.887,0.805,0.695,0.584,0.793,0.085,0.814,0.903,0.817,0.699,0.708,0.752,0.856,0.897,0.707,0.69,0.6,0.909,0.619,0.678,0.803,0.791,0.59,0.656,0.854,0.865,0.565,0.701,0.744,0.697,0.725,0.627,0.932,0.939,0.647,0.824,0.873,0.65,0.718,0.822,0.778,0.783,0.776,0.637,0.72,0.621,0.683,0.831,0.684,0.92,0.571,0.828,0.82,0.907,0.869,0.529,0.587,0.908,0.644,0.712,0.914,0.845,0.841,0.886,0.724,0.694,0.694,0.799,0.634,0.752,0.687,0.745,0.795,0.887,0.633,0.911,0.918,0.716,0.716,0.886,0.71,0.655,0.58,0.899,0.852,0.85,0.709,0.445,0.759,0.844,0.703,0.649,0.872,0.781,0.895,0.793,0.76,0.951,0.93,0.926,0.778,0.715,0.6,0.534,0.733,0.615,0.811,0.559,0.877,0.721,0.831,0.911,0.691,0.71,0.681,0.83,0.889,0.822,0.83,0.8,0.913,0.644,0.697,0.676,0.844,0.793,0.731,0.844,0.668,0.909,0.85,0.654,0.753,0.766,0.798,0.573,0.765,0.907,0.539,0.592,0.822,0.628,0.783,0.763,0.716,0.731,0.917,0.828,0.818,0.81,0.825,0.805,0.647,0.834,0.891,0.844,0.398,0.884,0.845,0.839,0.845,0.782,0.814,0.79,0.942,0.631,0.782,0.846
"ATP6V0B",0.828,0.859,0.884,0.882,0.897,0.843,0.829,0.934,0.873,0.845,0.797,0.915,0.675,0.85,0.843,0.835,0,0.927,0.91,0.894,0.898,0.884,0.864,0.891,0.935,0.87,0.873,0.863,0.948,0.908,0.83,0.915,0.839,0.857,0.816,0.904,0.816,0.896,0.86,0.935,0.896,0.938,0.875,0.891,0.887,0.763,0.921,0.962,0.884,0.854,0.859,0.916,0.919,0.889,0.904,0.914,0.869,0.895,0.836,0.886,0.918,0.897,0.867,0.854,0.945,0.739,0.872,0.869,0.871,0.89,0.896,0.904,0.95,0.919,0.819,0.819,0.957,0.917,0.808,0.834,0.916,0.922,0.851,0.902,0.938,0.9,0.863,0.683,0.816,0.93,0.856,0.813,0.823,0.906,0.903,0.851,0.826,0.908,0.865,0.904,0.91,0.868,0.699,0.913,0.88,0.872,0.872,0.9,0.811,0.867,0.856,0.921,0.828,0.896,0.83,0.905,0.915,0.904,0.808,0.909,0.801,0.84,0.847,0.877,0.908,0.88,0.834,0.874,0.853,0.897,0.891,0.85,0.893,0.85,0.83,0.902,0.921,0.946,0.938,0.95,0.866,0.874,0.869,0.839,0.91,0.852,0.899,0.844,0.72,0.871,0.733,0.746,0.784,0.852,0.849,0.779,0.927,0.939,0.78,0.848,0.897,0.832,0.865,0.89,0.66,0.838,0.797,0.731,0.892,0.948,0.804,0.866,0.897,0.912,0.902,0.8,0.787,0.933,0.891,0.889,0.904,0.784,0.855,0.589,0.879,0.797,0.88,0.911,0.819,0.917,0.813,0.904,0.872,0.904,0.919,0.911,0.822,0.901,0.869,0.888,0.88,0.847,0.899,0.806,0.943,0.879,0.884,0.912
"BAHD1",0.926,0.901,0.929,0.862,0.874,0.881,0.877,0.884,0.918,0.956,0.942,0.741,0.967,0.908,0.89,0.907,0.927,0,0.725,0.57,0.943,0.931,0.912,0.932,0.968,0.852,0.844,0.817,0.946,0.694,0.788,0.88,0.878,0.943,0.904,0.952,0.904,0.93,0.963,0.773,0.736,0.967,0.888,0.936,0.936,0.892,0.417,0.848,0.909,0.894,0.728,0.804,0.861,0.859,0.665,0.733,0.882,0.753,0.905,0.874,0.922,0.912,0.877,0.901,0.826,0.948,0.937,0.927,0.912,0.853,0.738,0.86,0.848,0.836,0.906,0.934,0.857,0.897,0.948,0.881,0.682,0.648,0.941,0.87,0.952,0.916,0.661,0.883,0.823,0.704,0.714,0.183,0.881,0.847,0.923,0.899,0.896,0.694,0.925,0.932,0.869,0.895,0.96,0.827,0.961,0.918,0.918,0.81,0.889,0.931,0.949,0.925,0.803,0.913,0.706,0.848,0.868,0.953,0.909,0.739,0.877,0.878,0.814,0.9,0.674,0.945,0.919,0.929,0.74,0.685,0.79,0.931,0.862,0.617,0.879,0.69,0.949,0.672,0.703,0.746,0.678,0.688,0.934,0.957,0.927,0.915,0.917,0.825,0.93,0.905,0.958,0.964,0.928,0.885,0.882,0.974,0.618,0.888,0.951,0.466,0.732,0.892,0.954,0.935,0.877,0.674,0.942,0.85,0.878,0.671,0.923,0.924,0.856,0.894,0.724,0.93,0.915,0.836,0.943,0.94,0.918,0.642,0.69,0.933,0.948,0.942,0.631,0.863,0.254,0.424,0.949,0.894,0.601,0.645,0.424,0.753,0.824,0.807,0.78,0.619,0.417,0.776,0.855,0.908,0.742,0.929,0.851,0.819
"BCL9",0.844,0.755,0.797,0.871,0.862,0.653,0.674,0.855,0.762,0.801,0.692,0.806,0.894,0.757,0.813,0.75,0.91,0.725,0,0.62,0.878,0.784,0.794,0.858,0.894,0.882,0.877,0.61,0.805,0.517,0.72,0.657,0.775,0.749,0.875,0.726,0.875,0.728,0.899,0.773,0.543,0.874,0.766,0.717,0.805,0.416,0.669,0.786,0.808,0.752,0.715,0.51,0.646,0.815,0.599,0.521,0.758,0.728,0.751,0.738,0.834,0.716,0.572,0.776,0.661,0.886,0.736,0.75,0.877,0.645,0.57,0.588,0.889,0.825,0.714,0.836,0.746,0.686,0.812,0.855,0.626,0.579,0.82,0.633,0.852,0.621,0.592,0.816,0.711,0.792,0.487,0.192,0.861,0.821,0.909,0.687,0.692,0.517,0.744,0.824,0.842,0.822,0.912,0.704,0.811,0.781,0.781,0.828,0.801,0.754,0.776,0.772,0.798,0.866,0.62,0.826,0.874,0.678,0.793,0.754,0.816,0.721,0.582,0.857,0.722,0.882,0.785,0.7,0.583,0.73,0.637,0.776,0.817,0.599,0.797,0.646,0.784,0.757,0.75,0.743,0.7,0.542,0.641,0.851,0.794,0.68,0.823,0.465,0.86,0.731,0.834,0.901,0.79,0.755,0.793,0.887,0.66,0.854,0.838,0.487,0.76,0.807,0.81,0.702,0.869,0.723,0.692,0.877,0.699,0.694,0.918,0.832,0.795,0.825,0.66,0.754,0.81,0.845,0.708,0.712,0.863,0.626,0.625,0.779,0.798,0.692,0.835,0.811,0.161,0.482,0.818,0.93,0.522,0.543,0.682,0.726,0.92,0.794,0.849,0.851,0.704,0.825,0.793,0.871,0.778,0.726,0.8,0.785
"BCLAF1",0.817,0.709,0.777,0.886,0.874,0.725,0.693,0.84,0.866,0.814,0.671,0.714,0.891,0.648,0.758,0.708,0.894,0.57,0.62,0,0.491,0.664,0.851,0.911,0.859,0.878,0.895,0.703,0.938,0.691,0.594,0.73,0.848,0.844,0.845,0.857,0.845,0.746,0.896,0.823,0.709,0.776,0.708,0.84,0.793,0.572,0.556,0.879,0.757,0.803,0.697,0.731,0.754,0.858,0.662,0.604,0.791,0.781,0.59,0.752,0.864,0.81,0.569,0.735,0.865,0.885,0.753,0.81,0.817,0.707,0.597,0.7,0.864,0.852,0.751,0.828,0.891,0.709,0.743,0.858,0.678,0.68,0.643,0.764,0.939,0.794,0.399,0.765,0.691,0.802,0.626,0.18,0.838,0.834,0.905,0.738,0.68,0.691,0.784,0.83,0.863,0.82,0.917,0.81,0.806,0.787,0.787,0.825,0.792,0.829,0.836,0.817,0.751,0.735,0.503,0.851,0.902,0.877,0.817,0.766,0.769,0.74,0.631,0.87,0.649,0.878,0.792,0.797,0.635,0.669,0.661,0.788,0.854,0.454,0.879,0.647,0.852,0.799,0.798,0.825,0.677,0.617,0.74,0.818,0.879,0.703,0.854,0.576,0.858,0.757,0.844,0.911,0.784,0.772,0.842,0.914,0.55,0.788,0.85,0.521,0.802,0.822,0.796,0.815,0.865,0.686,0.671,0.856,0.663,0.665,0.884,0.828,0.775,0.78,0.619,0.687,0.791,0.858,0.639,0.686,0.66,0.609,0.585,0.727,0.848,0.671,0.783,0.78,0.161,0.534,0.836,0.93,0.596,0.655,0.585,0.577,0.907,0.837,0.868,0.799,0.598,0.776,0.646,0.838,0.824,0.792,0.795,0.565
"C3orf38",0.894,0.828,0.849,0.903,0.886,0.824,0.874,0.933,0.891,0.904,0.671,0.917,0.872,0.679,0.83,0.724,0.898,0.943,0.878,0.491,0,0.841,0.864,0.903,0.889,0.9,0.914,0.855,0.924,0.931,0.83,0.882,0.828,0.838,0.845,0.895,0.845,0.807,0.86,0.93,0.911,0.909,0.846,0.876,0.865,0.767,0.9,0.937,0.773,0.82,0.841,0.881,0.908,0.905,0.884,0.816,0.864,0.928,0.431,0.886,0.889,0.878,0.739,0.856,0.929,0.855,0.857,0.859,0.856,0.883,0.875,0.874,0.936,0.934,0.719,0.79,0.94,0.844,0.851,0.846,0.906,0.913,0.773,0.881,0.939,0.878,0.779,0.895,0.871,0.914,0.86,0.913,0.902,0.895,0.869,0.847,0.839,0.931,0.827,0.888,0.898,0.866,0.917,0.914,0.888,0.828,0.828,0.902,0.777,0.824,0.794,0.892,0.749,0.879,0.757,0.884,0.942,0.887,0.857,0.911,0.748,0.815,0.77,0.874,0.9,0.859,0.842,0.845,0.859,0.893,0.896,0.884,0.909,0.867,0.919,0.904,0.867,0.935,0.928,0.938,0.814,0.87,0.843,0.818,0.883,0.808,0.912,0.729,0.847,0.766,0.819,0.933,0.825,0.838,0.866,0.924,0.898,0.876,0.832,0.895,0.918,0.809,0.882,0.855,0.85,0.881,0.671,0.858,0.867,0.923,0.91,0.869,0.853,0.883,0.893,0.687,0.732,0.91,0.608,0.6,0.839,0.854,0.885,0.727,0.892,0.671,0.926,0.887,0.915,0.914,0.771,0.902,0.854,0.881,0.902,0.877,0.907,0.9,0.885,0.901,0.842,0.88,0.869,0.886,0.917,0.844,0.84,0.472
"CBL",0.699,0.597,0.715,0.862,0.832,0.642,0.621,0.804,0.734,0.723,0.533,0.767,0.864,0.587,0.718,0.663,0.884,0.931,0.784,0.664,0.841,0,0.759,0.879,0.822,0.842,0.913,0.708,0.907,0.68,0.742,0.613,0.819,0.802,0.829,0.742,0.829,0.656,0.848,0.927,0.798,0.737,0.637,0.719,0.731,0.085,0.792,0.923,0.785,0.779,0.71,0.852,0.772,0.881,0.84,0.819,0.675,0.858,0.652,0.642,0.695,0.557,0.608,0.626,0.901,0.861,0.621,0.66,0.804,0.68,0.707,0.692,0.932,0.874,0.668,0.784,0.908,0.689,0.685,0.836,0.845,0.87,0.649,0.717,0.828,0.712,0.661,0.795,0.643,0.905,0.752,0.828,0.706,0.884,0.887,0.55,0.549,0.68,0.693,0.738,0.864,0.79,0.727,0.875,0.646,0.726,0.726,0.768,0.785,0.814,0.828,0.759,0.816,0.805,0.656,0.861,0.808,0.747,0.717,0.77,0.797,0.67,0.576,0.834,0.804,0.809,0.579,0.696,0.743,0.831,0.715,0.622,0.752,0.705,0,0.588,0.832,0.882,0.879,0.868,0.788,0.698,0.647,0.822,0.84,0.63,0.816,0.622,0.83,0.692,0.771,0.759,0.653,0.522,0.789,0.86,0.731,0.712,0.821,0.848,0.888,0.816,0.615,0.73,0.854,0.792,0.533,0.856,0.592,0.916,0.815,0.791,0.782,0.754,0.623,0.727,0.811,0.791,0.708,0.731,0.758,0.496,0.74,0.575,0.739,0.533,0.914,0.778,0.818,0.889,0.801,0.932,0.707,0.889,0.818,0.738,0.882,0.88,0.818,0.894,0.842,0.782,0.685,0.642,0.913,0.691,0.859,0.765
"CBLN1",0.757,0.722,0.764,0.849,0.854,0.759,0.75,0.942,0.679,0.784,0.704,0.929,0.815,0.79,0.765,0.66,0.864,0.912,0.794,0.851,0.864,0.759,0,0.779,0.906,0.859,0.851,0.643,0.795,0.917,0.783,0.661,0.697,0.556,0.623,0.644,0.623,0.66,0.782,0.944,0.894,0.893,0.765,0.634,0.782,0.661,0.898,0.881,0.816,0.653,0.852,0.727,0.871,0.885,0.739,0.692,0.655,0.919,0.718,0.748,0.825,0.838,0.702,0.687,0.817,0.832,0.747,0.678,0.807,0.707,0.735,0.68,0.947,0.941,0.773,0.756,0.823,0.684,0.762,0.786,0.749,0.749,0.75,0.648,0.72,0.67,0.834,0.801,0.754,0.934,0.624,0.894,0.801,0.915,0.821,0.644,0.703,0.917,0.817,0.828,0.914,0.866,0.766,0.879,0.793,0.828,0.828,0.765,0.682,0.667,0.582,0.827,0.795,0.904,0.766,0.911,0.876,0.646,0.834,0.919,0.769,0.793,0.706,0.851,0.802,0.747,0.789,0.662,0.796,0.886,0.751,0.695,0.794,0.806,0.903,0.815,0.734,0.952,0.927,0.915,0.839,0.742,0.709,0.703,0.554,0.765,0.808,0.665,0.816,0.769,0.753,0.751,0.676,0.824,0.706,0.822,0.921,0.895,0.673,0.832,0.915,0.697,0.809,0.803,0.836,0.787,0.704,0.83,0.75,0.919,0.809,0.777,0.858,0.874,0.827,0.361,0.728,0.895,0.691,0.661,0.867,0.668,0.77,0.457,0.709,0.704,0.926,0.855,0.894,0.759,0.815,0.85,0.63,0.794,0.922,0.898,0.746,0.884,0.854,0.856,0.852,0.845,0.867,0.792,0.943,0.714,0.829,0.893
"CCDC103",0.85,0.841,0.922,0.849,0.894,0.847,0.858,0.947,0.776,0.839,0.709,0.95,0.823,0.879,0.831,0.75,0.891,0.932,0.858,0.911,0.903,0.879,0.779,0,0.925,0.798,0.851,0.613,0.826,0.934,0.897,0.713,0.795,0.816,0.827,0.759,0.827,0.76,0.847,0.951,0.915,0.925,0.85,0.813,0.875,0.837,0.959,0.881,0.88,0.765,0.922,0.825,0.898,0.925,0.827,0.803,0.841,0.939,0.878,0.774,0.891,0.899,0.805,0.861,0.823,0.84,0.83,0.874,0.751,0.759,0.802,0.776,0.975,0.945,0.823,0.829,0.819,0.749,0.905,0.738,0.79,0.709,0.838,0.78,0.766,0.782,0.91,0.868,0.829,0.957,0.768,0.95,0.862,0.936,0.865,0.806,0.831,0.934,0.891,0.777,0.924,0.884,0.804,0.901,0.894,0.908,0.908,0.886,0.716,0.805,0.742,0.908,0.832,0.917,0.842,0.92,0.907,0.733,0.91,0.947,0.728,0.888,0.852,0.869,0.84,0.865,0.855,0.798,0.867,0.914,0.843,0.855,0.844,0.851,0.923,0.906,0.856,0.959,0.938,0.916,0.891,0.847,0.768,0.699,0.802,0.844,0.876,0.784,0.826,0.862,0.751,0.812,0.83,0.891,0.823,0.862,0.943,0.954,0.796,0.866,0.948,0.705,0.88,0.872,0.865,0.851,0.709,0.876,0.853,0.93,0.889,0.806,0.924,0.927,0.913,0.712,0.646,0.933,0.82,0.833,0.913,0.795,0.85,0.557,0.806,0.709,0.969,0.92,0.948,0.848,0.814,0.501,0.826,0.869,0.939,0.915,0.298,0.845,0.879,0.838,0.891,0.887,0.911,0.871,0.951,0.823,0.9,0.907
"CD1E",0.873,0.858,0.867,0.906,0.923,0.84,0.859,0.853,0.911,0.847,0.617,0.912,0.909,0.796,0.875,0.867,0.935,0.968,0.894,0.859,0.889,0.822,0.906,0.925,0,0.938,0.946,0.881,0.927,0.952,0.875,0.87,0.91,0.88,0.899,0.901,0.899,0.878,0.92,0.951,0.932,0.746,0.867,0.895,0.828,0.774,0.909,0.936,0.874,0.785,0.874,0.91,0.879,0.936,0.917,0.92,0.892,0.948,0.852,0.882,0.53,0.794,0.866,0.875,0.934,0.912,0.842,0.846,0.893,0.882,0.889,0.884,0.951,0.919,0.716,0.878,0.935,0.894,0.847,0.91,0.883,0.898,0.81,0.906,0.948,0.858,0.867,0.904,0.826,0.947,0.891,0.937,0.876,0.933,0.922,0.868,0.847,0.952,0.826,0.889,0.91,0.875,0.923,0.938,0.767,0.843,0.843,0.934,0.869,0.89,0.875,0.876,0.863,0.899,0.889,0.907,0.932,0.895,0.869,0.92,0.858,0.849,0.852,0.921,0.934,0.711,0.864,0.853,0.887,0.91,0.907,0.863,0.936,0.845,0.941,0.923,0.849,0.962,0.955,0.935,0.899,0.868,0.815,0.882,0.894,0.547,0.802,0.851,0.908,0.896,0.788,0.903,0.851,0.844,0.92,0.899,0.896,0.91,0.89,0.926,0.942,0.882,0.822,0.869,0.913,0.914,0.617,0.916,0.738,0.916,0.905,0.879,0.886,0.685,0.817,0.83,0.856,0.925,0.873,0.873,0.838,0.876,0.899,0.852,0.879,0.617,0.958,0.902,0.941,0.926,0.752,0.943,0.88,0.925,0.807,0.846,0.936,0.89,0.93,0.937,0.833,0.922,0.832,0.889,0.946,0.823,0.904,0.851
"CDC20B",0.879,0.879,0.927,0.788,0.638,0.897,0.896,0.869,0.748,0.926,0.821,0.604,0.923,0.904,0.804,0.846,0.87,0.852,0.882,0.878,0.9,0.842,0.859,0.798,0.938,0,0.797,0.859,0.96,0.722,0.897,0.925,0.883,0.863,0.756,0.899,0.756,0.889,0.919,0.893,0.827,0.95,0.879,0.922,0.92,0.885,0.877,0.914,0.862,0.825,0.809,0.908,0.912,0.864,0.85,0.903,0.845,0.793,0.882,0.836,0.653,0.586,0.876,0.863,0.89,0.918,0.92,0.925,0.745,0.923,0.887,0.901,0.897,0.82,0.856,0.861,0.916,0.925,0.924,0.674,0.915,0.905,0.893,0.899,0.968,0.93,0.887,0.929,0.913,0.863,0.832,0.811,0.65,0.847,0.845,0.882,0.888,0.722,0.909,0.852,0.843,0.805,0.963,0.873,0.94,0.91,0.91,0.846,0.75,0.869,0.878,0.924,0.791,0.87,0.807,0.828,0.665,0.905,0.841,0.779,0.691,0.861,0.84,0.797,0.623,0.918,0.854,0.918,0.832,0.787,0.78,0.922,0.557,0.838,0.157,0.708,0.913,0.758,0.764,0.807,0.726,0.871,0.909,0.887,0.88,0.894,0.892,0.893,0.87,0.847,0.894,0.946,0.894,0.571,0.832,0.964,0.825,0.807,0.898,0.797,0.839,0.749,0.936,0.923,0.783,0.833,0.821,0.796,0.914,0.904,0.885,0.853,0.89,0.921,0.876,0.81,0.7,0.781,0.907,0.908,0.915,0.664,0.858,0.827,0.918,0.821,0.82,0.911,0.838,0.874,0.872,0.74,0.903,0.891,0.872,0.853,0.563,0.844,0.703,0.777,0.881,0.902,0.867,0.842,0.859,0.915,0.877,0.854
"CDS2",0.836,0.895,0.915,0.728,0.825,0.856,0.894,0.887,0.887,0.898,0.857,0.882,0.894,0.892,0.839,0.86,0.873,0.844,0.877,0.895,0.914,0.913,0.851,0.851,0.946,0.797,0,0.852,0.956,0.787,0.893,0.935,0.886,0.867,0.803,0.911,0.803,0.907,0.886,0.838,0.865,0.947,0.883,0.917,0.908,0.868,0.875,0.919,0.887,0.894,0.849,0.914,0.824,0.707,0.879,0.909,0.88,0.892,0.874,0.858,0.903,0.898,0.905,0.876,0.898,0.883,0.916,0.901,0.848,0.933,0.916,0.923,0.943,0.841,0.868,0.847,0.875,0.933,0.921,0.814,0.914,0.903,0.896,0.919,0.953,0.93,0.893,0.873,0.902,0.891,0.847,0.836,0.827,0.48,0.849,0.897,0.898,0.787,0.906,0.868,0.784,0.763,0.895,0.885,0.932,0.908,0.908,0.871,0.802,0.891,0.886,0.914,0.86,0.743,0.852,0.772,0.83,0.91,0.692,0.876,0.817,0.755,0.855,0.882,0.849,0.89,0.87,0.91,0.903,0.792,0.897,0.914,0.898,0.871,0.881,0.883,0.917,0.804,0.806,0.84,0.798,0.884,0.907,0.85,0.886,0.9,0.724,0.895,0.841,0.757,0.869,0.901,0.856,0.882,0.871,0.939,0.859,0.842,0.868,0.838,0.834,0.823,0.922,0.92,0.827,0.825,0.857,0.821,0.914,0.917,0.842,0.873,0.924,0.935,0.901,0.849,0.821,0.857,0.914,0.909,0.919,0.881,0.889,0.799,0.875,0.857,0.912,0.89,0.842,0.877,0.875,0.806,0.89,0.896,0.879,0.858,0.586,0.854,0.805,0.825,0.881,0.913,0.891,0.823,0.878,0.914,0.844,0.871
"CELSR2",0.773,0.633,0.746,0.863,0.88,0.6,0.65,0.897,0.695,0.767,0.666,0.854,0.843,0.687,0.746,0.58,0.863,0.817,0.61,0.703,0.855,0.708,0.643,0.613,0.881,0.859,0.852,0,0.8,0.642,0.741,0.586,0.707,0.593,0.794,0.68,0.794,0.666,0.854,0.883,0.682,0.82,0.68,0.516,0.774,0.185,0.751,0.862,0.808,0.675,0.732,0.666,0.799,0.863,0.596,0.561,0.58,0.824,0.691,0.713,0.821,0.781,0.605,0.641,0.794,0.818,0.645,0.692,0.804,0.636,0.637,0.565,0.915,0.898,0.649,0.789,0.808,0.634,0.742,0.819,0.639,0.665,0.771,0.585,0.76,0.615,0.603,0.771,0.652,0.87,0.446,0,0.839,0.887,0.865,0.559,0.608,0.642,0.661,0.763,0.88,0.823,0.653,0.79,0.714,0.717,0.717,0.767,0.636,0.578,0.542,0.759,0.782,0.877,0.634,0.875,0.899,0.7,0.735,0.838,0.752,0.689,0.585,0.852,0.791,0.821,0.712,0.592,0.691,0.829,0.657,0.662,0.81,0.693,0.852,0.673,0.603,0.891,0.876,0.872,0.752,0.581,0.611,0.377,0.621,0.667,0.819,0.501,0.837,0.74,0.772,0.809,0.701,0.725,0.704,0.825,0.82,0.86,0.787,0.646,0.856,0.683,0.704,0.698,0.857,0.695,0.666,0.854,0.644,0.828,0.853,0.729,0.776,0.782,0.706,0.169,0.734,0.883,0.557,0.503,0.839,0.573,0.642,0.664,0.722,0.666,0.875,0.823,0.0610000000000001,0.618,0.799,0.752,0.578,0.705,0.792,0.816,0,0.859,0.868,0.851,0.756,0.754,0.818,0.819,0.894,0.621,0.719,0.845
"CHAD",0.914,0.876,0.912,0.884,0.95,0.842,0.889,0.954,0.809,0.805,0.776,0.961,0.948,0.848,0.921,0.827,0.948,0.946,0.805,0.938,0.924,0.907,0.795,0.826,0.927,0.96,0.956,0.8,0,0.975,0.934,0.703,0.808,0.862,0.95,0.753,0.95,0.726,0.951,0.969,0.966,0.942,0.872,0.757,0.897,0.876,0.939,0.795,0.868,0.674,0.91,0.747,0.922,0.946,0.787,0.66,0.835,0.948,0.908,0.811,0.896,0.924,0.773,0.897,0.672,0.911,0.831,0.889,0.941,0.757,0.769,0.728,0.947,0.954,0.825,0.931,0.599,0.72,0.92,0.947,0.708,0.522,0.923,0.743,0.61,0.718,0.927,0.926,0.796,0.952,0.806,0.939,0.953,0.961,0.954,0.813,0.848,0.975,0.89,0.875,0.948,0.885,0.901,0.97,0.91,0.901,0.901,0.88,0.891,0.81,0.674,0.888,0.903,0.956,0.865,0.944,0.957,0.634,0.919,0.949,0.913,0.902,0.865,0.949,0.952,0.924,0.924,0.706,0.843,0.961,0.841,0.847,0.795,0.899,0.972,0.908,0.828,0.974,0.972,0.876,0.934,0.769,0.719,0.933,0.73,0.822,0.886,0.807,0.945,0.847,0.884,0.948,0.92,0.893,0.88,0.835,0.956,0.951,0.932,0.892,0.952,0.882,0.875,0.833,0.939,0.913,0.776,0.914,0.838,0.907,0.942,0.874,0.9,0.913,0.871,0.902,0.915,0.954,0.738,0.813,0.912,0.805,0.861,0.912,0.752,0.776,0.931,0.949,0.939,0.742,0.846,0.963,0.795,0.833,0.928,0.957,0.968,0.938,0.958,0.941,0.831,0.88,0.923,0.935,0.966,0.68,0.935,0.945
"CHCHD1",0.693,0.641,0.941,0.77,0.628,0.781,0.517,0.692,0.628,0.789,0.897,0.39,0.921,0.908,0.921,0.908,0.908,0.694,0.517,0.691,0.931,0.68,0.917,0.934,0.952,0.722,0.787,0.642,0.975,0,0.691,0.677,0.927,0.884,0.948,0.94,0.948,0.653,0.935,0.696,0.724,0.96,0.482,0.929,0.742,0.927,0.642,0.773,0.771,0.777,0.714,0.655,0.748,0.608,0.381,0.655,0.486,0.673,0.908,0.726,0.722,0.68,0.691,0.78,0.773,0.921,0.908,0.926,0.937,0.642,0.691,0.677,0.824,0.738,0.897,0.877,0.692,0.655,0.941,0.753,0.655,0.655,0.877,0.517,0.983,0.691,0.655,0.677,0.708,0.724,0.517,0.642,0.653,0.696,0.946,0.811,0.641,0,0.927,0.641,0.58,0.791,0.981,0.804,0.941,0.927,0.927,0.78,0.877,0.79,0.884,0.822,0.792,0.828,0.655,0.692,0.628,0.695,0.837,0.646,0.877,0.753,0.641,0.699,0.677,0.934,0.68,0.927,0.497,0.564,0.691,0.927,0.709,0.704,0.698,0.642,0.943,0.079,0.079,0.079,0.079,0.641,0.908,0.931,0.947,0.908,0.696,0.655,0.799,0.698,0.891,0.753,0.908,0.68,0.826,0.971,0.672,0.641,0.891,0.642,0.288,0.877,0.927,0.941,0.836,0.657,0.897,0.836,0.662,0.677,0.93,0.929,0.866,0.873,0.662,0.884,0.877,0.646,0.931,0.931,0.935,0.68,0.486,0.891,0.944,0.897,0.811,0.761,0.655,0.655,0.897,0.955,0.704,0.655,0.642,0.643,0.965,0.751,0.631,0.792,0.694,0.844,0.726,0.704,0.712,0.927,0.74,0.304
"CHP2",0.705,0.745,0.747,0.901,0.912,0.742,0.688,0.886,0.84,0.841,0.793,0.815,0.767,0.762,0.8,0.753,0.83,0.788,0.72,0.594,0.83,0.742,0.783,0.897,0.875,0.897,0.893,0.741,0.934,0.691,0,0.791,0.762,0.824,0.864,0.88,0.864,0.784,0.733,0.868,0.724,0.856,0.768,0.834,0.829,0.547,0.723,0.925,0.854,0.846,0.744,0.78,0.8,0.865,0.729,0.751,0.767,0.831,0.668,0.801,0.866,0.842,0.659,0.718,0.908,0.708,0.777,0.756,0.849,0.791,0.695,0.761,0.885,0.898,0.779,0.678,0.928,0.787,0.788,0.852,0.784,0.797,0.797,0.764,0.906,0.782,0.53,0.703,0.75,0.86,0.672,0.192,0.762,0.848,0.815,0.683,0.735,0.691,0.793,0.805,0.856,0.84,0.593,0.834,0.805,0.8,0.8,0.826,0.792,0.868,0.872,0.809,0.835,0.845,0.559,0.868,0.8,0.768,0.796,0.827,0.696,0.757,0.672,0.862,0.681,0.747,0.746,0.761,0.728,0.788,0.74,0.758,0.859,0.74,0.88,0.744,0.848,0.867,0.862,0.89,0.628,0.67,0.776,0.843,0.89,0.731,0.825,0.69,0.774,0.758,0.724,0.657,0.665,0.785,0.807,0.757,0.708,0.807,0.803,0.637,0.857,0.85,0.81,0.821,0.88,0.734,0.793,0.868,0.723,0.782,0.698,0.791,0.809,0.843,0.695,0.759,0.806,0.746,0.803,0.832,0.855,0.695,0.622,0.672,0.764,0.793,0.855,0.74,0.161,0.649,0.832,0.934,0.707,0.786,0.756,0.825,0.908,0.879,0.902,0.875,0.774,0.821,0.824,0.745,0.884,0.803,0.815,0.866
