"","ABCG1","ABL1","ABR","ACOT13","ADAMTS19","ADCY9","ADRB2","AGL","AGTPBP1","ALPL","ANKRD39","ANKZF1","ANO10","ANXA5","ARHGEF10L","ARHGEF7","ATP6V0B","BAHD1","BCL9","BCLAF1","C11orf87","C3orf38","CALML3","CBL","CBLN1","CCDC103","CCDC137","CD1E","CDC20B","CDS2","CELSR2","CHCHD1","CHP2","CITED2","CLMN","CNTN2","COL23A1","COL25A1","COL4A1","COL9A3","COMP","COPB1","CPOX","CPSF4","CXCL2","CYP1B1","DAB1","DBH","DCDC2B","DENND4A","DHRS13","DHX35","DIO3","DIP2B","DIRAS3","DMRTA2","DTYMK","ELOVL3","ELP3","EN2","EPHA4","EXOSC8","FAM118A","FAM131B","FAM3B","FANCA","FBXO38","FBXO9","FGF4","FLOT1","FRG1","FXYD7","GAB1","GABBR1","GAS2L1","GATA4","GATA5","GDF7","GLYR1","GNPDA2","GPR63","GRPEL2","GYS1","HAND2","HCRTR1","HGSNAT","HOXB8","HOXD12","HYOU1","ISL1","JAG1","JUN","KCNH2","KCNK2","KHDRBS3","LDB1","LIN52","LONP2","LPGAT1","LTV1","MAGI2","MAPK1","MRPL17","MTNR1A","MYLK","NANP","NCEH1","NICN1","NOL10","OPRK1","OR10C1","OR10K2","PAQR3","PARD6B","PCDH12","PCDHGA4","PDE5A","PFDN4","PFKP","PHIP","PHKG1","PITRM1","PKDCC","PLCH2","PPP4R2","PRC1","PRKAB2","PRKCH","PRSS12","PSMD9","RAB3C","RAB40B","RAPGEFL1","RBM24","RFC2","RGMA","RGS4","RHOBTB3","RIF1","RNF215","RNF6","ROBO3","RPL19","RPL35","RPL39L","RPS9","RUNX3","SCUBE1","SDC3","SDK1","SECTM1","SERINC5","SFRP5","SFXN3","SGPP1","SLC22A15","SLC22A3","SNX27","SPSB4","SRCIN1","STIM1","STK16","STK19","SV2C","TAF6L","TARS2","TBCD","TBXA2R","TECPR1","TERF1","TMEM104","TMEM39A","TMPO","TNFRSF11A","TNNI2","TOMM7","TPM1","TRAF3IP3","TRIL","TRIM62","TROAP","TUBA1C","UBL5","UNC5C","UNC5D","VSIG8","WDR76","WWP1","YBX1","YIPF1","YJEFN3","ZC3H12C","ZC3H14","ZC3H3","ZCCHC2","ZNF480","ZNF76","BRP44L","C12orf52","C17orf96","C1orf86","C3orf19","C6orf114","CCDC113","FAM103A1","FAM104A","FAM119A","H1FX","KIAA1737","OBFC2A","PXMP3","SFRS12","TMEM57","TSTA3","YARS"
"ABCG1",0,0.543,0.675,0.666,0.816,0.676,0.575,0.641,0.769,0.648,0.533,0.654,0.889,0.54,0.929,0.634,0.639,0.643,0.631,0.652,0,0.533,0.649,0.599,0.608,0.575,0.64,0.775,0.656,0.662,0.855,0.64,0.649,0.597,0.462,0.632,0.623,0.815,0.647,0.707,0.591,0.631,0.704,0.652,0.639,0.688,0,0.603,0,0.654,0.739,0.472,0.876,0.696,0.473,0.712,0.745,0.662,0.68,0.861,0.547,0.617,0.608,0,0.627,0,0,0.669,0.762,0.614,0.629,0.658,0.658,0.611,0.633,0.66,0.686,0.598,0.585,0.602,0.732,0.573,0.671,0.626,0.668,0.882,0.86,0.665,0.523,0.653,0.553,0.607,0.575,0.915,0.575,0.522,0,0.375,0.884,0,0.603,0.553,0.627,0.623,0.512,0.856,0.755,0,0.675,0.657,0.917,0.764,0.655,0,0.689,0.649,0.624,0.595,0.493,0.62,0.606,0.829,0.731,0.853,0.667,0.603,0.648,0.578,0.894,0.645,0.459,0.477,0.872,0.669,0.362,0.638,0.588,0.351,0,0.832,0.663,0.632,0.648,0.801,0.655,0.639,0.572,0.613,0.608,0.212,0.638,0.764,0.212,0.58,0.918,0.715,0.531,0.577,0.658,0.632,0.605,0.585,0,0.534,0.604,0.486,0.622,0.676,0.617,0.579,0.533,0,0.597,0.649,0.608,0.62,0.503,0.631,0.619,0.653,0,0.534,0.631,0.641,0.853,0.675,0.613,0.674,0.633,0.632,0.656,0.608,0.646,0.661,0.719,0.664,0.68,0.586,0.626,0.732,0.589,0,0.561,0,0.672,0,0.624,0.733,0,0.646,0.642,0.64,0.577,0.65,0.535
"ABL1",0.543,0,0.552,0.513,0.742,0.686,0.532,0.525,0.656,0.799,0.533,0.494,0.957,0.551,0.92,0.507,0.549,0.483,0.479,0.409,0,0.533,0.508,0.399,0.525,0.532,0.488,0.808,0.543,0.497,0.805,0.488,0.508,0.464,0,0.532,0.538,0.806,0.547,0.752,0.502,0.531,0.743,0.429,0.539,0.522,0,0.474,0,0.454,0.643,0.708,0.866,0.67,0.525,0.512,0.733,0.529,0.475,0.751,0.309,0.519,0.525,0,0.532,0,0,0.508,0.727,0.526,0.455,0.537,0.546,0.553,0.508,0.385,0.438,0.524,0.454,0.511,0.701,0.616,0.486,0.439,0.562,0.832,0.748,0.471,0.499,0.445,0.507,0.416,0.521,0.964,0.438,0.374,0,0.476,0.818,0,0.528,0.279,0.522,0.516,0.341,0.851,0.783,0,0.306,0.556,0.916,0.714,0.544,0,0.34,0.508,0.509,0.519,0.393,0.529,0.451,0.774,0.65,0.803,0.549,0.494,0.415,0.311,0.893,0.486,0.514,0.527,0.792,0.518,0.418,0.539,0.6,0.508,0,0.725,0.388,0.532,0.497,0.74,0.544,0.491,0.424,0.498,0.525,0.212,0.535,0.929,0.212,0.559,0.926,0.703,0.603,0.546,0.546,0.501,0.498,0.337,0,0.544,0.411,0.506,0.529,0.555,0.542,0.404,0.533,0,0.433,0.512,0.502,0.548,0.478,0.531,0.538,0.429,0,0.466,0.531,0.519,0.853,0.306,0.43,0.503,0.394,0.532,0.536,0.451,0.449,0.513,0.663,0.467,0.416,0.519,0.529,0.684,0.478,0,0.484,0,0.507,0,0.491,0.602,0,0.43,0.501,0.488,0.503,0.544,0.46
"ABR",0.675,0.552,0,0.596,0.807,0.804,0.508,0.606,0.695,0.857,0.533,0.587,0.938,0.511,0.174,0.178,0.535,0.499,0.432,0.506,0,0.533,0.488,0.501,0.393,0.435,0.486,0.752,0.465,0.527,0.818,0.486,0.488,0.474,0.462,0.436,0.492,0.764,0.528,0.698,0.49,0.468,0.708,0.558,0.488,0.68,0,0.592,0,0.178,0.776,0.839,0.858,0.568,0.62,0.66,0.893,0.527,0.597,0.829,0.588,0.452,0.393,0,0.455,0,0,0.574,0.633,0.42,0.482,0.466,0.515,0.556,0.495,0.63,0.643,0.43,0.537,0.518,0.675,0.453,0.597,0.614,0.591,0.873,0.832,0.557,0.519,0.604,0.516,0.468,0.588,0.947,0.434,0.421,0,0.607,0.882,0,0.463,0.601,0.457,0.549,0.519,0.884,0.812,0,0.675,0.566,0.883,0.729,0.506,0,0.689,0.488,0.656,0.403,0.556,0.438,0.663,0.636,0.883,0.834,0.47,0.421,0.512,0.64,0.909,0.468,0.518,0.584,0,0.603,0.605,0.487,0.293,0.58,0,0.807,0.606,0.436,0.534,0.764,0.506,0.562,0.633,0.442,0.393,0.212,0.455,0.929,0.212,0.584,0.912,0.686,0.714,0.519,0.515,0.436,0.468,0.674,0.829,0.506,0.522,0.598,0.147,0.215,0.494,0.555,0.533,0,0.426,0.564,0.406,0.529,0.442,0.468,0.476,0.563,0,0.6,0.468,0.531,0.853,0.675,0.44,0.585,0.59,0.436,0.521,0.529,0.545,0.57,0.742,0.575,0.637,0.484,0.419,0.625,0.437,0,0.536,0,0.419,0,0.53,0.67,0,0.544,0.608,0.486,0.402,0.601,0.586
"ACOT13",0.666,0.513,0.596,0,0.521,0.568,0.53,0.568,0.553,0.67,0.533,0.379,0.944,0.574,0.91,0.518,0.557,0.523,0.496,0.572,0,0.533,0.354,0.44,0.439,0.474,0.516,0.76,0.552,0.551,0.629,0.516,0.354,0.507,0.462,0.475,0.514,0.77,0.545,0.721,0.432,0.5,0.727,0.475,0.513,0.598,0,0.446,0,0.567,0.719,0.796,0.822,0.587,0.612,0.518,0.868,0.551,0.523,0.839,0.586,0.483,0.439,0,0.486,0,0,0.582,0.67,0.456,0.508,0.541,0.541,0.567,0.517,0.593,0.574,0.461,0.547,0.477,0.676,0.554,0.599,0.617,0.599,0.839,0.84,0.572,0.583,0.528,0.44,0.57,0.593,0.953,0.457,0.454,0,0.546,0.862,0,0.483,0.604,0.487,0.562,0.404,0.716,0.641,0,0.675,0.577,0.893,0.72,0.533,0,0.175,0.354,0.471,0.436,0.457,0.471,0.664,0.652,0.848,0.575,0.578,0.452,0.534,0.543,0.83,0.527,0.525,0.584,0.872,0.609,0.596,0.512,0.586,0.576,0,0.559,0.48,0.475,0.553,0.774,0.533,0.574,0.635,0.334,0.439,0.212,0.491,0.929,0.212,0.596,0.796,0.685,0.71,0.54,0.541,0.475,0.402,0.671,0.816,0.533,0.562,0.542,0.492,0.599,0.523,0.561,0.533,0,0.456,0.446,0.444,0.552,0.459,0.5,0.508,0.513,0,0.38,0.5,0.546,0.853,0.675,0.472,0.591,0.595,0.475,0.536,0.382,0.4,0.42,0.62,0.426,0.523,0.508,0.461,0.632,0.332,0,0.501,0,0.615,0,0.532,0.686,0,0.56,0.518,0.516,0.438,0.589,0.592
"ADAMTS19",0.816,0.742,0.807,0.521,0,0.499,0.782,0.757,0.491,0.687,0.671,0.513,0.961,0.773,0.934,0.794,0.784,0.74,0.762,0.777,0.643,0.671,0.472,0.677,0.728,0.748,0.746,0.822,0.768,0.77,0.551,0.746,0.472,0.791,0.793,0.752,0.764,0.833,0.785,0.859,0.683,0.731,0.849,0.633,0.787,0.717,0.643,0.593,0.643,0.783,0.741,0.821,0.83,0.734,0.772,0.617,0.868,0.77,0.651,0.891,0.78,0.757,0.728,0.643,0.735,0.643,0.643,0.734,0.836,0.759,0.756,0.767,0.767,0.816,0.782,0.786,0.723,0.77,0.772,0.714,0.755,0.804,0.785,0.835,0.792,0.857,0.894,0.788,0.802,0.726,0.644,0.822,0.841,0.967,0.76,0.768,0.643,0.618,0.884,0.643,0.792,0.772,0.753,0.758,0.576,0.819,0.685,0.643,0.807,0.806,0.92,0.801,0.758,0.643,0.175,0.472,0.606,0.739,0.622,0.758,0.778,0.284,0.785,0.517,0.789,0.771,0.748,0.645,0.591,0.781,0.769,0.764,0.929,0.81,0.777,0.772,0.806,0.786,0.643,0.405,0.581,0.752,0.768,0.839,0.758,0.774,0.822,0.524,0.728,0.733,0.758,0.961,0.733,0.806,0.855,0.765,0.866,0.764,0.767,0.752,0.647,0.774,0.816,0.758,0.79,0.772,0.778,0.812,0.758,0.804,0.671,0.643,0.752,0.618,0.752,0.777,0.776,0.731,0.736,0.646,0.643,0.523,0.731,0.805,0.913,0.807,0.744,0.719,0.79,0.752,0.748,0.533,0.536,0.506,0.613,0.554,0.662,0.735,0.742,0.706,0.596,0.643,0.713,0.643,0.813,0.643,0.734,0.832,0.643,0.772,0.63,0.746,0.71,0.786,0.783
"ADCY9",0.676,0.686,0.804,0.568,0.499,0,0.781,0.735,0.663,0.718,0.671,0.537,0.957,0.775,0.932,0.793,0.785,0.739,0.768,0.75,0.643,0.671,0.536,0.699,0.741,0.757,0.727,0.829,0.772,0.757,0.604,0.727,0.536,0.791,0.793,0.76,0.767,0.825,0.787,0.863,0.689,0.743,0.836,0.629,0.789,0.661,0.643,0.578,0.643,0.759,0.658,0.608,0.808,0.748,0.603,0.628,0.559,0.757,0.64,0.864,0.686,0.758,0.741,0.643,0.745,0.643,0.643,0.766,0.829,0.765,0.738,0.773,0.773,0.812,0.783,0.767,0.717,0.774,0.701,0.713,0.765,0.718,0.763,0.817,0.791,0.833,0.869,0.783,0.555,0.722,0.659,0.804,0.832,0.964,0.742,0.758,0.643,0.624,0.837,0.643,0.792,0.658,0.76,0.744,0.427,0.835,0.719,0.643,0.744,0.803,0.92,0.799,0.765,0.643,0.175,0.536,0.538,0.747,0.472,0.764,0.615,0.683,0.544,0.587,0.79,0.774,0.77,0.551,0.875,0.783,0.666,0.628,0.923,0.789,0.609,0.776,0.815,0.61,0.643,0.499,0.606,0.76,0.748,0.8,0.765,0.752,0.66,0.569,0.741,0.733,0.766,0.954,0.733,0.803,0.886,0.772,0.857,0.769,0.773,0.76,0.663,0.609,0,0.765,0.772,0.573,0.78,0.806,0.765,0.779,0.671,0.643,0.737,0.635,0.759,0.78,0.778,0.743,0.74,0.68,0.643,0.487,0.743,0.803,0.91,0.744,0.728,0.758,0.749,0.76,0.736,0.555,0.548,0.524,0.605,0.582,0.659,0.742,0.753,0.723,0.617,0.643,0.585,0.643,0.789,0.643,0.766,0.8,0.643,0.738,0.665,0.727,0.722,0.751,0.601
"ADRB2",0.575,0.532,0.508,0.53,0.782,0.781,0,0.549,0.682,0.838,0.533,0.526,0.944,0.51,0.892,0.471,0.49,0.475,0.445,0.483,0,0.533,0.469,0.486,0.375,0.368,0.465,0.704,0.437,0.487,0.721,0.465,0.469,0.467,0.405,0.445,0.431,0.641,0.494,0.575,0.445,0.459,0.59,0.508,0.471,0.598,0,0.532,0,0.493,0.776,0.799,0.869,0.605,0.542,0.564,0.881,0.487,0.563,0.83,0.46,0.406,0.375,0,0.455,0,0,0.514,0.67,0.437,0.456,0.422,0.482,0.453,0.467,0.586,0.571,0.398,0.481,0.445,0.589,0.467,0.531,0.523,0.375,0.876,0.831,0.505,0.522,0.561,0.492,0.511,0.489,0.953,0.401,0.377,0,0.542,0.88,0,0.459,0.522,0.455,0.393,0.492,0.884,0.788,0,0.644,0.435,0.786,0.574,0.424,0,0.689,0.469,0.575,0.327,0.445,0.435,0.608,0.81,0.876,0.815,0.498,0.436,0.483,0.571,0.915,0.463,0.489,0.518,0.827,0.543,0.534,0.441,0.572,0.529,0,0.782,0.543,0.445,0.491,0.755,0.477,0.512,0.569,0.401,0.375,0,0.454,0.929,0.212,0.519,0.921,0.662,0.622,0.486,0.482,0.445,0.367,0.585,0.816,0.477,0.493,0.475,0.455,0.497,0.472,0.463,0.533,0,0.436,0.445,0.43,0.488,0.369,0.459,0.464,0.484,0,0.54,0.459,0.453,0.632,0.644,0.429,0.519,0.54,0.445,0.484,0.493,0.501,0.581,0.718,0.519,0.567,0.466,0.438,0.532,0.444,0,0.492,0,0.518,0,0.501,0.635,0,0.497,0.537,0.465,0.425,0.504,0.533
"AGL",0.641,0.525,0.606,0.568,0.757,0.735,0.549,0,0.692,0.728,0.533,0.52,0.939,0.588,0.904,0.548,0.581,0.555,0.536,0.587,0,0.533,0.555,0.484,0.502,0.525,0.553,0.779,0.575,0.528,0.828,0.553,0.555,0.528,0.462,0.526,0.545,0.781,0.568,0.736,0.525,0.53,0.694,0.587,0.548,0.569,0,0.439,0,0.585,0.457,0.757,0.731,0.601,0.603,0.681,0.809,0.528,0.584,0.838,0.529,0.526,0.502,0,0.468,0,0,0.53,0.706,0.508,0.544,0.57,0.57,0.581,0.547,0.631,0.641,0.506,0.562,0.439,0.66,0.597,0.469,0.619,0.607,0.713,0.84,0.589,0.596,0.611,0.542,0.576,0.599,0.948,0.497,0.485,0,0.537,0.72,0,0.517,0.557,0.529,0.579,0.529,0.719,0.684,0,0.675,0.59,0.887,0.723,0.565,0,0.689,0.555,0.609,0.488,0.541,0.518,0.614,0.762,0.79,0.794,0.593,0.5,0.528,0.572,0.815,0.557,0.537,0.58,0.872,0.614,0.579,0.547,0.598,0.566,0,0.743,0.551,0.526,0.576,0.779,0.565,0.577,0.634,0.521,0.502,0.212,0.537,0.929,0.212,0.606,0.827,0.666,0.694,0.567,0.57,0.526,0.53,0.606,0.829,0.565,0.578,0.569,0.53,0.608,0.558,0.554,0.533,0,0.503,0.587,0.499,0.578,0.491,0.53,0.548,0.538,0,0.515,0.53,0.567,0.853,0.675,0.519,0.522,0.6,0.526,0.514,0.522,0.579,0.591,0.767,0.598,0.637,0.509,0.516,0.664,0.427,0,0.458,0,0.619,0,0.492,0.695,0,0.578,0.582,0.553,0.46,0.509,0.583
"AGTPBP1",0.769,0.656,0.695,0.553,0.491,0.663,0.682,0.692,0,0.777,0.671,0.543,0.964,0.694,0.939,0.562,0.654,0.639,0.62,0.686,0.343,0.671,0.499,0.605,0.565,0.594,0.624,0.826,0.663,0.648,0.718,0.624,0.499,0.668,0.497,0.599,0.642,0.836,0.667,0.801,0.614,0.613,0.808,0.468,0.644,0.676,0.343,0.557,0.343,0.675,0.779,0.852,0.866,0.508,0.704,0.649,0.904,0.648,0.656,0.898,0.7,0.616,0.565,0.343,0.615,0.343,0.343,0.647,0.776,0.601,0.603,0.641,0.641,0.696,0.53,0.686,0.599,0.612,0.688,0.613,0.755,0.686,0.701,0.753,0.71,0.886,0.899,0.679,0.698,0.687,0.611,0.727,0.732,0.97,0.621,0.634,0.343,0.592,0.906,0.343,0.648,0.698,0.613,0.68,0.524,0.861,0.761,0.343,0.807,0.7,0.926,0.79,0.633,0.343,0.45,0.499,0.631,0.589,0.613,0.604,0.729,0.433,0.843,0.703,0.68,0.48,0.631,0.637,0.756,0.649,0.631,0.678,0.929,0.735,0.709,0.636,0.713,0.699,0.343,0.614,0.591,0.599,0.662,0.846,0.633,0.695,0.752,0.501,0.565,0.509,0.609,0.961,0.509,0.694,0.901,0.763,0.799,0.659,0.641,0.599,0.53,0.724,0.875,0.633,0.686,0.69,0.537,0.699,0.633,0.669,0.671,0.343,0.606,0.595,0.506,0.649,0.557,0.613,0.616,0.503,0.343,0.555,0.613,0.562,0.913,0.807,0.605,0.64,0.735,0.599,0.633,0.553,0.551,0.583,0.543,0.567,0.66,0.638,0.394,0.711,0.529,0.343,0.627,0.343,0.716,0.343,0.631,0.792,0.343,0.681,0.473,0.624,0.48,0.702,0.716
"ALPL",0.648,0.799,0.857,0.67,0.687,0.718,0.838,0.728,0.777,0,0.671,0.665,0.968,0.841,0.943,0.852,0.853,0.835,0.841,0.844,0.689,0.671,0.703,0.75,0.836,0.843,0.842,0.895,0.844,0.843,0.764,0.842,0.703,0.841,0.823,0.844,0.839,0.889,0.846,0.9,0.752,0.796,0.865,0.798,0.853,0.754,0.689,0.594,0.689,0.85,0.643,0.53,0.792,0.726,0.636,0.797,0.884,0.843,0.772,0.911,0.826,0.842,0.836,0.689,0.833,0.689,0.689,0.828,0.901,0.843,0.841,0.847,0.847,0.857,0.846,0.839,0.819,0.843,0.832,0.706,0.731,0.876,0.818,0.866,0.847,0.805,0.911,0.851,0.854,0.807,0.709,0.855,0.868,0.974,0.834,0.829,0.689,0.544,0.822,0.689,0.848,0.839,0.838,0.832,0.759,0.327,0.627,0.689,0.84,0.854,0.931,0.854,0.843,0.689,0,0.703,0.661,0.831,0.751,0.841,0.85,0.696,0.849,0.634,0.849,0.844,0.845,0.767,0.77,0.849,0.647,0.619,0.929,0.859,0.577,0.845,0.663,0.587,0.689,0.761,0.754,0.844,0.843,0.871,0.843,0.809,0.86,0.709,0.836,0.773,0.846,0.961,0.773,0.856,0.613,0.734,0.877,0.845,0.847,0.844,0.742,0.848,0.851,0.843,0.846,0.759,0.845,0.859,0.846,0.826,0.671,0.689,0.836,0.769,0.84,0.85,0.833,0.796,0.839,0.785,0.689,0.51,0.796,0.854,0.913,0.84,0.836,0.824,0.842,0.844,0.811,0.647,0.756,0.649,0.827,0.761,0.787,0.73,0.841,0.829,0.764,0.689,0.711,0.689,0.858,0.689,0.811,0.867,0.689,0.844,0.801,0.842,0.722,0.78,0.839
"ANKRD39",0.533,0.533,0.533,0.533,0.671,0.671,0.533,0.533,0.671,0.671,0,0.533,0.829,0.533,0.704,0.533,0.533,0.533,0.533,0.533,0.533,0,0.533,0.533,0.533,0.533,0.533,0.709,0.533,0.533,0.671,0.533,0.533,0.533,0.735,0.533,0.533,0.62,0.533,0.62,0.533,0.37,0.533,0.533,0.533,0.533,0.533,0.37,0.533,0.533,0.533,0.709,0.62,0,0.533,0.62,0.772,0.533,0.533,0.62,0.533,0.533,0.533,0.533,0.533,0.533,0.533,0.533,0.704,0.533,0.533,0.533,0.533,0.533,0.533,0.533,0.533,0.533,0.533,0.533,0,0.62,0.533,0.533,0.533,0.62,0.62,0.533,0.533,0.533,0.37,0.533,0.533,0.847,0.533,0.533,0.533,0.533,0.62,0.533,0.533,0.533,0.533,0.533,0.533,0.725,0.62,0.533,0.709,0.533,0.671,0.533,0.533,0.533,0.704,0.533,0.533,0.533,0.533,0.533,0.62,0.62,0.767,0.704,0.533,0.533,0.533,0.533,0.75,0.533,0.533,0.533,0.704,0.533,0.533,0.533,0.62,0.533,0.533,0.671,0.533,0.533,0.533,0.533,0.533,0.37,0.533,0.533,0.533,0.62,0.533,0.849,0.62,0.533,0.725,0,0.533,0.533,0.533,0.533,0.533,0.533,0.856,0.533,0.533,0.533,0.533,0.533,0.533,0.37,0,0.533,0.533,0.533,0.533,0.533,0.533,0.37,0.533,0.533,0.533,0.37,0.37,0.533,0.671,0.709,0.533,0.533,0.533,0.533,0.533,0,0.533,0,0.671,0.533,0.533,0,0.533,0.533,0.533,0.533,0.533,0.533,0.533,0.533,0.533,0.533,0.533,0.533,0.533,0.533,0,0.533,0.533
"ANKZF1",0.654,0.494,0.587,0.379,0.513,0.537,0.526,0.52,0.543,0.665,0.533,0,0.937,0.567,0.901,0.511,0.547,0.515,0.487,0.564,0,0.533,0.344,0.417,0.428,0.464,0.506,0.752,0.543,0.522,0.619,0.506,0.344,0.502,0.462,0.464,0.507,0.762,0.538,0.711,0.428,0.49,0.693,0.467,0.505,0.542,0,0.399,0,0.558,0.572,0.717,0.754,0.576,0.598,0.511,0.829,0.522,0.494,0.83,0.553,0.474,0.428,0,0.477,0,0,0.547,0.663,0.447,0.499,0.53,0.53,0.561,0.509,0.59,0.569,0.453,0.542,0.44,0.664,0.547,0.556,0.613,0.592,0.781,0.833,0.564,0.576,0.524,0.435,0.567,0.59,0.947,0.451,0.449,0,0.547,0.794,0,0.477,0.572,0.478,0.555,0.388,0.732,0.657,0,0.675,0.57,0.883,0.711,0.522,0,0.175,0.344,0.474,0.428,0.447,0.462,0.628,0.65,0.809,0.577,0.57,0.445,0.511,0.506,0.828,0.518,0.512,0.567,0.872,0.603,0.581,0.504,0.573,0.561,0,0.524,0.447,0.464,0.544,0.765,0.522,0.567,0.63,0.325,0.428,0.212,0.481,0.929,0.212,0.587,0.809,0.674,0.705,0.532,0.53,0.464,0.396,0.634,0.816,0.522,0.555,0.403,0.485,0.59,0.513,0.552,0.533,0,0.449,0.44,0.435,0.542,0.454,0.49,0.498,0.481,0,0.4,0.49,0.539,0.853,0.675,0.464,0.545,0.591,0.464,0.492,0.207,0.392,0.411,0.612,0.418,0.517,0.498,0.45,0.622,0.326,0,0.458,0,0.607,0,0.498,0.679,0,0.552,0.497,0.506,0.428,0.532,0.494
"ANO10",0.889,0.957,0.938,0.944,0.961,0.957,0.944,0.939,0.964,0.968,0.829,0.937,0,0.939,0.964,0.942,0.767,0.932,0.931,0.935,0.921,0.829,0.933,0.95,0.928,0.932,0.931,0.954,0.934,0.934,0.96,0.931,0.933,0.944,0.952,0.933,0.933,0.948,0.931,0.948,0.942,0.897,0.937,0.944,0.942,0.948,0.921,0.925,0.921,0.937,0.921,0.965,0.945,0.862,0.947,0.955,0.973,0.934,0.948,0.956,0.953,0.936,0.928,0.921,0.932,0.921,0.921,0.933,0.957,0.937,0.935,0.928,0.928,0.946,0.937,0.954,0.946,0.94,0.941,0.932,0.86,0.951,0.941,0.955,0.94,0.952,0.956,0.936,0.949,0.955,0.921,0.952,0.719,0.553,0.941,0.942,0.921,0.949,0.963,0.921,0.945,0.952,0.927,0.933,0.945,0.973,0.953,0.921,0.959,0.944,0.959,0.935,0.924,0.921,0.966,0.933,0.952,0.934,0.946,0.935,0.957,0.955,0.962,0.97,0.929,0.941,0.939,0.952,0.965,0.935,0.946,0.943,0.966,0.952,0.948,0.933,0.954,0.951,0.921,0.961,0.947,0.933,0.93,0.938,0.924,0.917,0.949,0.934,0.928,0.943,0.934,0.746,0.943,0.677,0.975,0.779,0.711,0.938,0.928,0.933,0.944,0.951,0.977,0.715,0.935,0.946,0.938,0.941,0.934,0.943,0.829,0.921,0.937,0.936,0.935,0.78,0.938,0.897,0.929,0.943,0.921,0.919,0.897,0.943,0.957,0.959,0.933,0.938,0.951,0.933,0.931,0.894,0.942,0.888,0.955,0.94,0.948,0.778,0.931,0.924,0.945,0.921,0.929,0.921,0.943,0.921,0.944,0.944,0.921,0.941,0.835,0.931,0.872,0.942,0.947
"ANXA5",0.54,0.551,0.511,0.574,0.773,0.775,0.51,0.588,0.694,0.841,0.533,0.567,0.939,0,0.835,0.469,0.524,0.499,0.459,0.519,0,0.533,0.491,0.501,0.422,0.453,0.489,0.614,0.492,0.518,0.796,0.489,0.491,0.483,0.462,0.453,0.493,0.746,0.521,0.708,0.491,0.483,0.719,0.545,0.49,0.652,0,0.577,0,0.505,0.776,0.814,0.861,0.585,0.593,0.65,0.883,0.518,0.593,0.827,0.577,0.463,0.422,0,0.466,0,0,0.554,0.652,0.439,0.485,0.488,0.51,0.545,0.495,0.617,0.618,0.445,0.531,0.513,0.661,0.535,0.575,0.599,0.572,0.872,0.83,0.541,0.554,0.592,0.352,0.549,0.578,0.949,0.445,0.437,0,0.59,0.879,0,0.469,0.587,0.467,0.538,0.515,0.884,0.787,0,0.675,0.552,0.886,0.671,0.503,0,0.689,0.491,0.627,0.424,0.548,0.453,0.654,0.761,0.878,0.806,0.501,0.438,0.508,0.621,0.91,0.486,0.514,0.562,0.745,0.583,0.587,0.489,0.557,0.565,0,0.773,0.586,0.453,0.524,0.758,0.503,0.554,0.612,0.456,0.422,0.212,0.467,0.929,0.212,0.562,0.915,0.67,0.681,0.302,0.51,0.453,0.478,0.642,0.829,0.503,0.525,0.578,0.443,0.533,0.397,0.55,0.533,0,0.442,0.552,0.429,0.52,0.45,0.483,0.423,0.559,0,0.585,0.483,0.524,0.853,0.675,0.454,0.563,0.579,0.453,0.514,0.535,0.534,0.583,0.505,0.558,0.613,0.503,0.441,0.588,0.448,0,0.526,0,0.524,0,0.524,0.678,0,0.534,0.583,0.489,0.442,0.582,0.571
"ARHGEF10L",0.929,0.92,0.174,0.91,0.934,0.932,0.892,0.904,0.939,0.943,0.704,0.901,0.964,0.835,0,0.524,0.897,0.891,0.832,0.822,0.872,0.704,0.892,0.921,0.883,0.89,0.89,0.928,0.799,0.894,0.932,0.89,0.892,0.878,0.927,0.892,0.894,0.915,0.889,0.915,0.909,0.833,0.9,0.911,0.897,0.918,0.872,0.883,0.872,0.439,0.872,0.944,0.908,0.775,0.918,0.926,0.954,0.894,0.865,0.929,0.926,0.898,0.883,0.872,0.874,0.872,0.872,0.893,0.9,0.899,0.897,0.8,0.883,0.914,0.9,0.926,0.914,0.88,0.907,0.891,0.772,0.81,0.907,0.928,0.904,0.92,0.929,0.897,0.836,0.927,0.866,0.819,0.932,0.969,0.906,0.884,0.872,0.92,0.937,0.872,0.912,0.924,0.881,0.891,0.913,0.949,0.923,0.872,0.934,0.912,0.929,0.897,0.874,0.872,0.941,0.892,0.923,0.895,0.915,0.897,0.93,0.682,0.942,0.946,0.757,0.906,0.903,0.924,0.943,0.839,0.914,0.91,0,0.923,0.919,0.892,0.586,0.922,0.872,0.934,0.917,0.892,0.886,0.901,0.874,0.869,0.919,0.895,0.883,0.907,0.874,0.965,0.907,0.899,0.951,0.779,0.918,0.901,0.883,0.892,0.885,0.924,0.963,0.874,0.855,0.916,0.518,0.444,0.894,0.91,0.704,0.872,0.899,0.898,0.897,0.891,0.9,0.833,0.886,0.874,0.872,0.872,0.833,0.909,0.929,0.934,0.893,0.902,0.921,0.892,0.888,0.835,0.907,0.825,0.926,0.904,0.918,0.798,0.888,0.874,0.912,0.872,0.885,0.872,0.677,0.872,0.912,0.911,0.872,0.906,0.91,0.89,0.794,0.908,0.916
"ARHGEF7",0.634,0.507,0.178,0.518,0.794,0.793,0.471,0.548,0.562,0.852,0.533,0.511,0.942,0.469,0.524,0,0.441,0.424,0.379,0.457,0,0.533,0.402,0.442,0.323,0.358,0.4,0.745,0.417,0.435,0.814,0.4,0.402,0.445,0.462,0.359,0.427,0.758,0.459,0.669,0.453,0.394,0.686,0.485,0.414,0.621,0,0.528,0,0.218,0.776,0.829,0.866,0.508,0.539,0.615,0.892,0.435,0.554,0.837,0.517,0.384,0.323,0,0.387,0,0,0.488,0.63,0.357,0.409,0.4,0.425,0.497,0.408,0.555,0.582,0.374,0.493,0.45,0.672,0.454,0.519,0.571,0.522,0.878,0.839,0.473,0.478,0.565,0.471,0.495,0.55,0.952,0.388,0.387,0,0.545,0.884,0,0.414,0.556,0.388,0.485,0.465,0.884,0.804,0,0.675,0.5,0.891,0.696,0.417,0,0.689,0.402,0.588,0.349,0.514,0.372,0.595,0.766,0.886,0.825,0.427,0.237,0.313,0.584,0.914,0.409,0.458,0.497,0,0.54,0.537,0.413,0.322,0.52,0,0.794,0.543,0.359,0.454,0.769,0.417,0.502,0.578,0.375,0.323,0.212,0.375,0.929,0.212,0.497,0.92,0.681,0.652,0.441,0.425,0.216,0.42,0.604,0.829,0.417,0.47,0.529,0.263,0.25,0.407,0.51,0.533,0,0.369,0.505,0.345,0.436,0.397,0.394,0.392,0.513,0,0.542,0.394,0.327,0.853,0.675,0.357,0.498,0.552,0.359,0.43,0.482,0.474,0.575,0.733,0.5,0.576,0.429,0.275,0.603,0.391,0,0.455,0,0.462,0,0.48,0.649,0,0.473,0.529,0.4,0.335,0.538,0.53
"ATP6V0B",0.639,0.549,0.535,0.557,0.784,0.785,0.49,0.581,0.654,0.853,0.533,0.547,0.767,0.524,0.897,0.441,0,0.433,0.395,0.513,0,0.533,0.403,0.474,0.283,0.337,0.399,0.723,0.473,0.452,0.797,0.399,0.403,0.466,0.462,0.337,0.436,0.742,0.478,0.654,0.461,0.396,0.684,0.513,0.419,0.665,0,0.568,0,0.494,0.776,0.829,0.854,0.555,0.585,0.629,0.885,0.452,0.616,0.82,0.571,0.376,0.283,0,0.381,0,0,0.522,0.598,0.338,0.412,0.436,0.436,0.521,0.439,0.619,0.622,0.364,0.51,0.466,0.688,0.467,0.558,0.597,0.556,0.874,0.825,0.502,0.538,0.588,0.49,0.553,0.483,0.771,0.384,0.405,0,0.585,0.883,0,0.417,0.581,0.382,0.509,0.48,0.884,0.802,0,0.675,0.528,0.879,0.708,0.424,0,0.689,0.403,0.634,0.332,0.533,0.36,0.636,0.827,0.878,0.813,0.51,0.353,0.449,0.624,0.906,0.438,0.473,0.535,0.872,0.574,0.58,0.418,0.54,0.549,0,0.784,0.578,0.337,0.475,0.751,0.424,0.535,0.613,0.365,0.283,0.212,0.362,0.738,0.212,0.381,0.908,0.648,0.581,0.457,0.436,0.337,0.438,0.654,0.829,0.327,0.508,0.565,0.407,0.538,0.41,0.54,0.533,0,0.359,0.531,0.322,0.393,0.406,0.396,0.387,0.556,0,0.58,0.396,0.488,0.853,0.675,0.362,0.536,0.573,0.337,0.444,0.515,0.498,0.561,0.713,0.533,0.615,0.415,0.316,0.573,0.388,0,0.476,0,0.57,0,0.497,0.647,0,0.497,0.531,0.399,0.358,0.572,0.559
"BAHD1",0.643,0.483,0.499,0.523,0.74,0.739,0.475,0.555,0.639,0.835,0.533,0.515,0.932,0.499,0.891,0.424,0.433,0,0.383,0.372,0,0.533,0.387,0.462,0.291,0.334,0.312,0.698,0.448,0.426,0.764,0.312,0.387,0.385,0.462,0.334,0.42,0.712,0.455,0.649,0.451,0.388,0.678,0.299,0.403,0.625,0,0.541,0,0.353,0.776,0.743,0.846,0.547,0.546,0.383,0.85,0.426,0.563,0.491,0.555,0.353,0.291,0,0.371,0,0,0.489,0.593,0.336,0.337,0.414,0.414,0.499,0.422,0.389,0.319,0.358,0.336,0.446,0.653,0.467,0.525,0.327,0.527,0.862,0.515,0.275,0.51,0.362,0.476,0.384,0.45,0.941,0.329,0.276,0,0.56,0.876,0,0.406,0.509,0.372,0.463,0.462,0.884,0.77,0,0.551,0.502,0.872,0.644,0.404,0,0.689,0.387,0.6,0.33,0.516,0.353,0.615,0.808,0.847,0.775,0.479,0.349,0.427,0.6,0.9,0.418,0.453,0.498,0.872,0.513,0.47,0.402,0.531,0.523,0,0.74,0.474,0.334,0.389,0.643,0.404,0.458,0.357,0.357,0.291,0.212,0.354,0.929,0.212,0.499,0.902,0.665,0.668,0.434,0.414,0.334,0.425,0.491,0.824,0.404,0.4,0.534,0.395,0.502,0.393,0.416,0.533,0,0.257,0.508,0.322,0.427,0.399,0.388,0.374,0.53,0,0.554,0.388,0.467,0.853,0.551,0.243,0.5,0.326,0.334,0.419,0.473,0.418,0.455,0.581,0.341,0.373,0.449,0.317,0.34,0.381,0,0.435,0,0.483,0,0.479,0.476,0,0.329,0.536,0.312,0.367,0.544,0.491
"BCL9",0.631,0.479,0.432,0.496,0.762,0.768,0.445,0.536,0.62,0.841,0.533,0.487,0.931,0.459,0.832,0.379,0.395,0.383,0,0.271,0,0.533,0.348,0.447,0.253,0.295,0.345,0.716,0.395,0.387,0.781,0.345,0.348,0.272,0.462,0.296,0.392,0.73,0.428,0.623,0.436,0.337,0.65,0.458,0.371,0.616,0,0.51,0,0.412,0.776,0.814,0.843,0.527,0.52,0.554,0.876,0.387,0.555,0.76,0.544,0.335,0.253,0,0.337,0,0,0.457,0.574,0.304,0.365,0.322,0.375,0.478,0.395,0.555,0.521,0.329,0.478,0.418,0.641,0.444,0.497,0.538,0.503,0.858,0.76,0.396,0.487,0.534,0.451,0.501,0.542,0.94,0.356,0.254,0,0.543,0.874,0,0.385,0.547,0.34,0.461,0.441,0.884,0.783,0,0.675,0.478,0.87,0.672,0.366,0,0.689,0.348,0.578,0.303,0.502,0.321,0.602,0.771,0.869,0.794,0.417,0.321,0.396,0.586,0.898,0.106,0.43,0.467,0.792,0.525,0.535,0.37,0.493,0.502,0,0.762,0.528,0.296,0.417,0.738,0.366,0.481,0.522,0.325,0.253,0.212,0.312,0.929,0.212,0.468,0.901,0.652,0.65,0.402,0.375,0.296,0.383,0.596,0.829,0.366,0.251,0.51,0.349,0.449,0.354,0.511,0.533,0,0.326,0.487,0.29,0.389,0.383,0.337,0.336,0.322,0,0.527,0.337,0.443,0.853,0.675,0.323,0.469,0.544,0.296,0.381,0.457,0.445,0.53,0.703,0.437,0.531,0.388,0.279,0.557,0.359,0,0.419,0,0.47,0,0.46,0.62,0,0.444,0.508,0.345,0.306,0.523,0.516
"BCLAF1",0.652,0.409,0.506,0.572,0.777,0.75,0.483,0.587,0.686,0.844,0.533,0.564,0.935,0.519,0.822,0.457,0.513,0.372,0.271,0,0,0.533,0.474,0.494,0.395,0.43,0.185,0.733,0.482,0.507,0.797,0.185,0.474,0.346,0.462,0.431,0.481,0.744,0.512,0.695,0.484,0.464,0.708,0.27,0.476,0.618,0,0.575,0,0.251,0.776,0.586,0.853,0.57,0.577,0.445,0.823,0.507,0.474,0.529,0.572,0.318,0.395,0,0.443,0,0,0.55,0.629,0.418,0.225,0.434,0.497,0.54,0.484,0.377,0.408,0.423,0.378,0.504,0.659,0.513,0.573,0.393,0.57,0.866,0.544,0.35,0.54,0.459,0.51,0.338,0.527,0.944,0.203,0.219,0,0.583,0.877,0,0.457,0.458,0.449,0.466,0.499,0.884,0.791,0,0,0.548,0.878,0.682,0.489,0,0.689,0.474,0.625,0.403,0.536,0.433,0.639,0.772,0.818,0.809,0.5,0.419,0.497,0.617,0.904,0.302,0.497,0.548,0.726,0.292,0.389,0.475,0.55,0.554,0,0.777,0.414,0.431,0.27,0.388,0.489,0.297,0.414,0.437,0.395,0.212,0.441,0.929,0.212,0.559,0.907,0.669,0.688,0.503,0.497,0.431,0.445,0.584,0.744,0.489,0.196,0.567,0.434,0.529,0.479,0.33,0.533,0,0.208,0.548,0.406,0.508,0.439,0.464,0.464,0.438,0,0.577,0.464,0.517,0.853,0,0.189,0.559,0.185,0.431,0.502,0.378,0.261,0.348,0.474,0.439,0.378,0.488,0.417,0.588,0.434,0,0.461,0,0.32,0,0.519,0.33,0,0.12,0.583,0.185,0.418,0.581,0.355
"C11orf87",0,0,0,0,0.643,0.643,0,0,0.343,0.689,0.533,0,0.921,0,0.872,0,0,0,0,0,0,0.533,0,0,0,0,0,0.658,0,0,0.689,0,0,0,0.462,0,0,0.643,0,0.424,0,0,0.424,0,0,0,0,0,0,0,0.776,0.675,0.824,0.427,0,0.212,0.829,0,0,0.762,0,0,0,0,0,0,0,0,0.427,0,0,0,0,0,0,0,0,0,0,0,0.533,0.212,0,0,0,0.824,0.762,0,0,0,0,0,0,0.931,0,0,0,0,0.824,0,0,0,0,0,0,0.884,0.643,0,0.675,0,0.853,0.457,0,0,0.689,0,0,0,0,0,0.212,0.719,0.829,0.689,0,0,0,0,0.881,0,0,0,0.872,0,0,0,0.212,0,0,0.643,0,0,0,0.675,0,0,0,0,0,0.212,0,0.929,0.212,0,0.884,0.533,0,0,0,0,0,0,0.829,0,0,0,0,0,0,0,0.533,0,0,0,0,0,0,0,0,0,0,0,0,0,0.853,0.675,0,0,0,0,0,0,0,0.343,0.627,0,0,0,0,0.457,0,0,0,0,0,0,0,0.343,0,0,0,0,0,0,0
"C3orf38",0.533,0.533,0.533,0.533,0.671,0.671,0.533,0.533,0.671,0.671,0,0.533,0.829,0.533,0.704,0.533,0.533,0.533,0.533,0.533,0.533,0,0.533,0.533,0.533,0.533,0.533,0.709,0.533,0.533,0.671,0.533,0.533,0.533,0.735,0.533,0.533,0.62,0.533,0.62,0.533,0.37,0.533,0.533,0.533,0.533,0.533,0.37,0.533,0.533,0.533,0.709,0.62,0,0.533,0.62,0.772,0.533,0.533,0.62,0.533,0.533,0.533,0.533,0.533,0.533,0.533,0.533,0.704,0.533,0.533,0.533,0.533,0.533,0.533,0.533,0.533,0.533,0.533,0.533,0,0.62,0.533,0.533,0.533,0.62,0.62,0.533,0.533,0.533,0.37,0.533,0.533,0.847,0.533,0.533,0.533,0.533,0.62,0.533,0.533,0.533,0.533,0.533,0.533,0.725,0.62,0.533,0.709,0.533,0.671,0.533,0.533,0.533,0.704,0.533,0.533,0.533,0.533,0.533,0.62,0.62,0.767,0.704,0.533,0.533,0.533,0.533,0.75,0.533,0.533,0.533,0.704,0.533,0.533,0.533,0.62,0.533,0.533,0.671,0.533,0.533,0.533,0.533,0.533,0.37,0.533,0.533,0.533,0.62,0.533,0.849,0.62,0.533,0.725,0,0.533,0.533,0.533,0.533,0.533,0.533,0.856,0.533,0.533,0.533,0.533,0.533,0.533,0.37,0,0.533,0.533,0.533,0.533,0.533,0.533,0.37,0.533,0.533,0.533,0.37,0.37,0.533,0.671,0.709,0.533,0.533,0.533,0.533,0.533,0,0.533,0,0.671,0.533,0.533,0,0.533,0.533,0.533,0.533,0.533,0.533,0.533,0.533,0.533,0.533,0.533,0.533,0.533,0.533,0,0.533,0.533
"CALML3",0.649,0.508,0.488,0.354,0.472,0.536,0.469,0.555,0.499,0.703,0.533,0.344,0.933,0.491,0.892,0.402,0.403,0.387,0.348,0.474,0,0.533,0,0.34,0.225,0.278,0.341,0.696,0.427,0.393,0.385,0.341,0,0.447,0.462,0.279,0.397,0.716,0.439,0.629,0.327,0.346,0.668,0.389,0.372,0.591,0,0.467,0,0.447,0.776,0.813,0.845,0.523,0.546,0.452,0.861,0.393,0.481,0.811,0.556,0.33,0.225,0,0.334,0,0,0.476,0.57,0.292,0.365,0.378,0.378,0.492,0.4,0.578,0.54,0.326,0.489,0.427,0.656,0.439,0.52,0.579,0.523,0.864,0.818,0.455,0.504,0.501,0.314,0.543,0.554,0.942,0.355,0.385,0,0.561,0.878,0,0.387,0.562,0.335,0.475,0.329,0.884,0.758,0,0.675,0.494,0.872,0.662,0.366,0,0,0,0.483,0.293,0.422,0.313,0.615,0.7,0.857,0.399,0.464,0.314,0.402,0.523,0.901,0.391,0.44,0.488,0.872,0.545,0.554,0.371,0.516,0.52,0,0.472,0.426,0.279,0.428,0.735,0.366,0.506,0.59,0.042,0.225,0.212,0.304,0.929,0.212,0.488,0.903,0.67,0.679,0.41,0.378,0.279,0.236,0.625,0.829,0.366,0.475,0.531,0.368,0.492,0.352,0.526,0.533,0,0.32,0.379,0.275,0.395,0.385,0.346,0.329,0.464,0,0.432,0.346,0.455,0.853,0.675,0.315,0.49,0.557,0.279,0.385,0.355,0.295,0.374,0.559,0.33,0.48,0.427,0.258,0.515,0.236,0,0.43,0,0.531,0,0.471,0.634,0,0.458,0.448,0.341,0.33,0.543,0.533
"CBL",0.599,0.399,0.501,0.44,0.677,0.699,0.486,0.484,0.605,0.75,0.533,0.417,0.95,0.501,0.921,0.442,0.474,0.462,0.447,0.494,0,0.533,0.34,0,0.415,0.432,0.453,0.777,0.477,0.443,0.703,0.453,0.34,0.463,0.462,0.432,0.461,0.783,0.479,0.701,0.4,0.446,0.7,0.458,0.457,0.532,0,0.438,0,0.485,0.675,0.814,0.85,0.642,0.524,0.549,0.849,0.443,0.461,0.859,0.414,0.44,0.415,0,0.442,0,0,0.313,0.659,0.426,0.454,0.466,0.466,0.501,0.463,0.545,0.525,0.43,0.497,0.44,0.688,0.55,0.462,0.553,0.516,0.805,0.858,0.488,0.507,0.504,0.4,0.532,0.538,0.959,0.388,0.432,0,0.478,0.79,0,0.448,0.429,0.429,0.493,0.382,0.863,0.772,0,0.675,0.502,0.905,0.697,0.462,0,0,0.34,0.494,0.416,0.41,0.434,0.539,0.747,0.801,0.703,0.492,0.404,0.4,0.425,0.864,0.464,0.476,0.5,0.872,0.527,0.524,0.456,0.548,0.513,0,0.505,0.248,0.432,0.478,0.796,0.462,0.501,0.554,0.33,0.415,0.212,0.441,0.929,0.212,0.501,0.917,0.693,0.604,0.471,0.466,0.407,0.373,0.495,0.829,0.462,0.493,0.513,0.449,0.503,0.457,0.506,0.533,0,0.379,0.444,0.419,0.471,0.437,0.446,0.449,0.267,0,0.443,0.446,0.464,0.853,0.675,0.43,0.231,0.539,0.432,0.456,0.415,0.418,0.54,0.716,0.432,0.494,0.456,0.425,0.651,0.373,0,0.445,0,0.519,0,0.404,0.605,0,0.487,0.31,0.453,0.418,0.504,0.52
"CBLN1",0.608,0.525,0.393,0.439,0.728,0.741,0.375,0.502,0.565,0.836,0.533,0.428,0.928,0.422,0.883,0.323,0.283,0.291,0.253,0.395,0,0.533,0.225,0.415,0,0.124,0.222,0.68,0.331,0.274,0.751,0.222,0.225,0.407,0.462,0.16,0.247,0.7,0.359,0.454,0.402,0.226,0.528,0.395,0.277,0.594,0,0.471,0,0.352,0.776,0.801,0.834,0.492,0.467,0.464,0.865,0.274,0.537,0.797,0.496,0.149,0,0,0.239,0,0,0.38,0.524,0.196,0.27,0.259,0.259,0.432,0.321,0.58,0.543,0.175,0.445,0.277,0.635,0.334,0.44,0.532,0.455,0.854,0.806,0.36,0.436,0.537,0.414,0.502,0.48,0.937,0.242,0.334,0,0.514,0.874,0,0.328,0.487,0.24,0.407,0.392,0.884,0.767,0,0.675,0.426,0.862,0.638,0.247,0,0.689,0.225,0.546,0.213,0.439,0.218,0.568,0.804,0.861,0.764,0.368,0.235,0.307,0.565,0.893,0.296,0.372,0.393,0.872,0.485,0.501,0.276,0.462,0.46,0,0.728,0.489,0.16,0.333,0.718,0.247,0.438,0.542,0.138,0,0,0.184,0.929,0.212,0.393,0.895,0.649,0.632,0.315,0.259,0.16,0.296,0.566,0.829,0.247,0.407,0.443,0.289,0.396,0.233,0.451,0.533,0,0.24,0.442,0.18,0.276,0.29,0.226,0.21,0.415,0,0.495,0.226,0.387,0.853,0.675,0.22,0.394,0.522,0.16,0.266,0.427,0.38,0.508,0.665,0.414,0.536,0.332,0.139,0.486,0.299,0,0.334,0,0.452,0,0.418,0.588,0,0.378,0.453,0.222,0.234,0.43,0.48
"CCDC103",0.575,0.532,0.435,0.474,0.748,0.757,0.368,0.525,0.594,0.843,0.533,0.464,0.932,0.453,0.89,0.358,0.337,0.334,0.295,0.43,0,0.533,0.278,0.432,0.124,0,0.275,0.694,0.374,0.327,0.769,0.275,0.278,0.425,0.462,0.213,0.33,0.714,0.394,0.312,0.42,0.279,0.414,0.43,0.319,0.615,0,0.501,0,0.394,0.776,0.811,0.844,0.526,0.502,0.535,0.872,0.327,0.561,0.808,0.529,0.248,0.124,0,0.281,0,0,0.423,0.551,0.239,0.312,0.312,0.312,0.459,0.356,0.591,0.567,0.258,0.465,0.36,0.66,0.239,0.475,0.494,0.485,0.863,0.815,0.402,0.466,0.553,0.438,0.524,0.475,0.941,0.304,0.292,0,0.535,0.878,0,0.354,0.528,0.282,0.438,0.418,0.884,0.78,0,0.675,0.457,0.87,0.661,0.3,0,0.689,0.278,0.572,0.248,0.48,0.26,0.589,0.815,0.868,0.782,0.411,0.27,0.349,0.582,0.9,0.338,0.402,0.435,0.872,0.512,0.525,0.318,0.486,0.487,0,0.748,0.516,0.213,0.375,0.732,0.3,0.468,0.564,0.237,0.124,0.212,0.238,0.929,0.212,0.435,0.902,0.675,0.653,0.357,0.312,0.213,0.358,0.592,0.829,0.3,0.437,0.372,0.324,0.439,0.286,0.446,0.533,0,0.276,0.469,0.222,0.329,0.284,0.279,0.263,0.477,0,0.522,0.279,0.417,0.853,0.675,0.262,0.437,0.538,0.213,0.319,0.457,0.415,0.532,0.681,0.45,0.56,0.374,0.192,0.514,0.326,0,0.377,0,0.487,0,0.441,0.609,0,0.414,0.488,0.275,0.277,0.492,0.504
"CCDC137",0.64,0.488,0.486,0.516,0.746,0.727,0.465,0.553,0.624,0.842,0.533,0.506,0.931,0.489,0.89,0.4,0.399,0.312,0.345,0.185,0,0.533,0.341,0.453,0.222,0.275,0,0.693,0.424,0.39,0.768,0,0.341,0.446,0.462,0.276,0.395,0.713,0.436,0.625,0.441,0.342,0.665,0.209,0.37,0.609,0,0.537,0,0.297,0.776,0.584,0.843,0.524,0.522,0.514,0.823,0.39,0.469,0.658,0.549,0.176,0.222,0,0.332,0,0,0.473,0.567,0.289,0.092,0.375,0.375,0.49,0.398,0.501,0.508,0.323,0.401,0.425,0.657,0.425,0.517,0.481,0.521,0.862,0.684,0.379,0.482,0.517,0.466,0.428,0.528,0.94,0.115,0.323,0,0.552,0.878,0,0.386,0.492,0.333,0.427,0.439,0.884,0.779,0,0,0.492,0.87,0.659,0.363,0,0.689,0.341,0.596,0.29,0.502,0.31,0.601,0.814,0.818,0.781,0.461,0.312,0.399,0.596,0.899,0.388,0.428,0.471,0.872,0.204,0.439,0.368,0.513,0.507,0,0.746,0.455,0.276,0.155,0.321,0.363,0.232,0.505,0.315,0.222,0.212,0.3,0.929,0.212,0.486,0.901,0.671,0.678,0.407,0.375,0.276,0.407,0.586,0.744,0.363,0.367,0.517,0.366,0.489,0.349,0.406,0.533,0,0.195,0.5,0.272,0.392,0.384,0.342,0.326,0.526,0,0.544,0.342,0.453,0.853,0,0.165,0.487,0.228,0.276,0.382,0.339,0.163,0.412,0.459,0.455,0.481,0.425,0.254,0.511,0.357,0,0.374,0,0.304,0,0.469,0.349,0,0.12,0.53,0,0.327,0.541,0.31
"CD1E",0.775,0.808,0.752,0.76,0.822,0.829,0.704,0.779,0.826,0.895,0.709,0.752,0.954,0.614,0.928,0.745,0.723,0.698,0.716,0.733,0.658,0.709,0.696,0.777,0.68,0.694,0.693,0,0.72,0.72,0.844,0.693,0.696,0.767,0.786,0.696,0.724,0.682,0.742,0.83,0.751,0.695,0.84,0.736,0.732,0.808,0.658,0.762,0.658,0.731,0.859,0.865,0.894,0.731,0.77,0.799,0.91,0.72,0.783,0.874,0.768,0.709,0.68,0.658,0.694,0.658,0.658,0.746,0.8,0.71,0.708,0.711,0.711,0.777,0.737,0.81,0.785,0.726,0.746,0.741,0.751,0.77,0.759,0.801,0.606,0.904,0.878,0.735,0.77,0.797,0.683,0.801,0.813,0.961,0.726,0.744,0.658,0.798,0.919,0.658,0.753,0.801,0.71,0.727,0.754,0.932,0.846,0.658,0.797,0.686,0.914,0.748,0.705,0.658,0.814,0.696,0.794,0.615,0.758,0.71,0.822,0.877,0.906,0.851,0.739,0.725,0.736,0.81,0.931,0.73,0.757,0.751,0.923,0.765,0.781,0.723,0.799,0.784,0.658,0.822,0.775,0.696,0.72,0.82,0.705,0.744,0.793,0.702,0.68,0.734,0.701,0.954,0.734,0.752,0.938,0.758,0.829,0.64,0.711,0.696,0.749,0.803,0.886,0.705,0.75,0.777,0.734,0.755,0.672,0.783,0.709,0.658,0.711,0.762,0.705,0.718,0.75,0.695,0.595,0.776,0.658,0.764,0.695,0.762,0.91,0.797,0.7,0.753,0.763,0.696,0.715,0.739,0.728,0.743,0.68,0.746,0.782,0.72,0.69,0.665,0.738,0.658,0.719,0.658,0.765,0.658,0.774,0.812,0.658,0.726,0.766,0.693,0.698,0.784,0.762
"CDC20B",0.656,0.543,0.465,0.552,0.768,0.772,0.437,0.575,0.663,0.844,0.533,0.543,0.934,0.492,0.799,0.417,0.473,0.448,0.395,0.482,0,0.533,0.427,0.477,0.331,0.374,0.424,0.72,0,0.466,0.787,0.424,0.427,0.457,0.462,0.374,0.448,0.735,0.484,0.669,0.439,0.416,0.689,0.514,0.436,0.652,0,0.559,0,0.456,0.776,0.817,0.849,0.542,0.576,0.63,0.88,0.466,0.581,0.815,0.568,0.4,0.331,0,0.404,0,0,0.522,0.609,0.369,0.424,0.424,0.454,0.521,0.446,0.614,0.612,0.387,0.489,0.474,0.649,0.479,0.553,0.592,0.552,0.864,0.82,0.505,0.529,0.584,0.49,0.54,0.568,0.944,0.399,0.404,0,0.579,0.877,0,0.428,0.577,0.405,0.51,0.485,0.884,0.787,0,0.675,0.527,0.876,0.677,0.444,0,0.689,0.427,0.622,0.359,0.486,0.376,0.636,0.738,0.873,0.8,0.452,0.377,0.461,0.616,0.903,0.43,0.48,0.533,0.745,0.568,0.574,0.435,0.512,0.546,0,0.768,0.572,0.374,0.483,0.744,0.444,0.53,0.605,0.391,0.331,0.212,0.394,0.929,0.212,0.533,0.906,0.66,0.686,0.468,0.454,0.374,0.439,0.64,0.829,0.444,0.494,0.559,0.383,0.493,0.433,0.537,0.533,0,0.382,0.53,0.355,0.467,0.413,0.416,0.414,0.538,0,0.57,0.416,0.492,0.853,0.675,0.388,0.534,0.57,0.374,0.459,0.506,0.501,0.552,0.707,0.531,0.606,0.454,0.357,0.442,0.403,0,0.484,0,0.488,0,0.499,0.631,0,0.5,0.564,0.424,0.373,0.566,0.555
"CDS2",0.662,0.497,0.527,0.551,0.77,0.757,0.487,0.528,0.648,0.843,0.533,0.522,0.934,0.518,0.894,0.435,0.452,0.426,0.387,0.507,0,0.533,0.393,0.443,0.274,0.327,0.39,0.72,0.466,0,0.792,0.39,0.393,0.463,0.462,0.328,0.43,0.737,0.471,0.648,0.458,0.381,0.676,0.507,0.411,0.649,0,0.508,0,0.486,0.719,0.811,0.806,0.528,0.579,0.625,0.764,0.414,0.585,0.815,0.49,0.369,0.274,0,0.373,0,0,0.464,0.594,0.331,0.404,0.427,0.427,0.516,0.433,0.617,0.618,0.358,0.506,0.422,0.661,0.463,0.436,0.594,0.551,0.738,0.82,0.494,0.532,0.585,0.483,0.552,0.568,0.944,0.379,0.401,0,0.572,0.791,0,0.412,0.518,0.374,0.503,0.444,0.884,0.774,0,0.675,0.522,0.874,0.701,0.415,0,0.689,0.393,0.63,0.325,0.506,0.352,0.558,0.813,0.754,0.804,0.503,0.347,0.39,0.542,0.884,0.43,0.468,0.527,0.872,0.569,0.575,0.41,0.536,0.544,0,0.731,0.532,0.328,0.467,0.744,0.415,0.526,0.61,0.357,0.274,0.212,0.353,0.929,0.212,0.527,0.892,0.675,0.699,0.449,0.427,0.328,0.433,0.576,0.829,0.415,0.503,0.558,0.401,0.531,0.401,0.503,0.533,0,0.352,0.526,0.314,0.444,0.403,0.381,0.378,0.51,0,0.551,0.381,0.483,0.853,0.675,0.354,0.463,0.57,0.328,0.425,0.499,0.491,0.544,0.709,0.526,0.611,0.435,0.307,0.564,0.383,0,0.424,0,0.564,0,0.452,0.642,0,0.49,0.542,0.39,0.337,0.554,0.555
"CELSR2",0.855,0.805,0.818,0.629,0.551,0.604,0.721,0.828,0.718,0.764,0.671,0.619,0.96,0.796,0.932,0.814,0.797,0.764,0.781,0.797,0.689,0.671,0.385,0.703,0.751,0.769,0.768,0.844,0.787,0.792,0,0.768,0.385,0.815,0.823,0.773,0.785,0.847,0.8,0.868,0.674,0.74,0.865,0.697,0.808,0.789,0.689,0.703,0.689,0.8,0.853,0.895,0.894,0.727,0.816,0.675,0.906,0.792,0.709,0.901,0.799,0.781,0.751,0.689,0.761,0.689,0.689,0.808,0.856,0.784,0.779,0.78,0.78,0.541,0.801,0.821,0.768,0.795,0.799,0.798,0.344,0.828,0.822,0.857,0.471,0.909,0.902,0.804,0.824,0.768,0.616,0.846,0.86,0.966,0.789,0.797,0.689,0.841,0.927,0.689,0.816,0.845,0.771,0.419,0.66,0.939,0.834,0.689,0.84,0.585,0.323,0.348,0.516,0.689,0,0.385,0.696,0.767,0.68,0.78,0.86,0.757,0.898,0.47,0.799,0.797,0.806,0.755,0.936,0.798,0.812,0.811,0.929,0.836,0.83,0.645,0.849,0.837,0.689,0.551,0.689,0.773,0.785,0.851,0.771,0.789,0.842,0.463,0.751,0.773,0.779,0.961,0.773,0.816,0.944,0.749,0.871,0.788,0.78,0.773,0.617,0.852,0.851,0.771,0.807,0.828,0.799,0.631,0.779,0.831,0.671,0.689,0.778,0.375,0.777,0.79,0.8,0.74,0.758,0.747,0.689,0.65,0.74,0.609,0.361,0.84,0.769,0.818,0.821,0.773,0.786,0.598,0.606,0.56,0.686,0.618,0.711,0.735,0.764,0.73,0.658,0.689,0.782,0.689,0.827,0.689,0.827,0.85,0.689,0.797,0.719,0.768,0.716,0.835,0.814
