"","CALCA","MYBPHL","ARFGAP1","THADA","DOK5","PPP1R14A","OLFM3","HDAC4","ASB1","GCC2","RALA","BMF","WDR90","ANKRD30B","APP","SULF2","ESR1","CMTM2","ANKRD27","BAD","RPS27","ARID2","ASH2L","TBX18","FBXO25","LARP1B","PLEKHG4","CDH8","TXNRD1","STEAP3","CCDC102B","LAMC2","ERLIN1","TOM1","PNKD","ALPP","NSL1","TFIP11","BAIAP2L1","MAPK4","AKR1A1","COL11A2","FGF3","HOOK2","TCHH","MIR636","SDCCAG8","MYBL1","ATAD3B","SNX9","TMBIM4","MIR657","ADRA1B","CAPN10","MGST3","POLE","TYSND1","AGTRAP","BARX2","TIPRL","CSRNP1","NKX1-2","TP53BP2","NDC80","ZBTB25","FEZF2","OSBPL5","TCEA1","RAD23A","TJP1","ZDHHC2","C17orf37","MYEOV2","FAM46C","C20orf194","MFSD4","HBXIP","COBRA1","MORG1","C7orf63"
"CALCA",0,0.765,0.844,0.783,0.772,0.571,0.75,0.616,0.719,0.908,0.732,0.849,0.924,0.533,0.637,0.674,0.573,0.726,0.887,0.708,0.887,0.746,0.738,0.731,0.76,0.897,0.846,0.739,0.705,0.857,0.867,0.816,0.817,0.779,0.832,0.81,0.852,0.812,0.876,0.724,0.843,0.83,0.649,0.896,0.771,0.776,0.839,0.77,0.872,0.83,0.806,0.781,0.56,0.844,0.852,0.8,0.908,0.709,0.768,0.767,0.706,0.827,0.722,0.838,0.756,0.723,0.914,0.84,0.826,0.81,0.828,0.872,0.836,0.824,0.533,0.913,0.739,0.777,0.749,0.791
"MYBPHL",0.765,0,0.804,0.748,0.815,0.829,0.835,0.816,0.8,0.819,0.767,0.836,0.853,0,0.816,0.729,0.828,0.804,0.858,0.832,0.857,0.808,0.78,0.789,0.803,0.956,0.876,0.663,0.701,0.731,0.805,0.722,0.898,0.827,0.834,0.721,0.712,0.828,0.802,0.732,0.84,0.677,0.756,0.775,0.457,0.82,0.738,0.823,0.704,0.827,0.747,0.85,0.803,0.843,0.803,0.761,0.849,0.798,0.849,0.866,0.706,0.77,0.749,0.771,0.795,0.799,0.829,0.912,0.834,0.795,0.842,0.818,0.852,0.506,0,0.792,0.834,0.739,0.815,0.79
"ARFGAP1",0.844,0.804,0,0.882,0.659,0.814,0.68,0.857,0.744,0.593,0.573,0.783,0.841,0.685,0.799,0.834,0.817,0.682,0.517,0.777,0.87,0.839,0.835,0.855,0.836,0.933,0.66,0.762,0.664,0.545,0.79,0.764,0.856,0.373,0.82,0.769,0.765,0.845,0.761,0.632,0.858,0.874,0.747,0.449,0.777,0.827,0.771,0.852,0.751,0.573,0.73,0.839,0.703,0.737,0.851,0.842,0.913,0.845,0.873,0.77,0.834,0.83,0.643,0.774,0.844,0.833,0.647,0.91,0.846,0.76,0.738,0.792,0.816,0.852,0.685,0.61,0.771,0.776,0.788,0.863
"THADA",0.783,0.748,0.882,0,0.919,0.809,0.885,0.83,0.835,0.91,0.86,0.906,0.931,0.533,0.837,0.878,0.837,0.873,0.931,0.842,0.761,0.812,0.84,0.871,0.76,0.861,0.938,0.852,0.791,0.858,0.897,0.859,0.873,0.878,0.869,0.702,0.844,0.713,0.895,0.802,0.797,0.893,0.854,0.892,0.767,0.813,0.884,0.84,0.872,0.894,0.883,0.863,0.811,0.87,0.794,0.745,0.818,0.846,0.804,0.873,0.834,0.816,0.852,0.854,0.8,0.867,0.87,0.737,0.776,0.878,0.845,0.911,0.87,0.859,0.533,0.913,0.86,0.82,0.777,0.906
"DOK5",0.772,0.815,0.659,0.919,0,0.823,0.344,0.8,0.55,0.89,0.64,0.791,0.927,0.782,0.724,0.602,0.738,0.461,0.766,0.728,0.92,0.783,0.765,0.716,0.926,0.925,0.483,0.785,0.528,0.848,0.874,0.751,0.767,0.657,0.804,0.884,0.816,0.846,0.842,0.486,0.877,0.8,0.55,0.888,0.767,0.874,0.763,0.808,0.88,0.884,0.681,0.811,0.513,0.829,0.854,0.849,0.92,0.734,0.809,0.62,0.621,0.734,0.503,0.859,0.815,0.604,0.92,0.928,0.822,0.83,0.806,0.841,0.78,0.771,0.782,0.923,0.679,0.734,0.711,0.854
"PPP1R14A",0.571,0.829,0.814,0.809,0.823,0,0.701,0.719,0.752,0.896,0.701,0.727,0.953,0.829,0.455,0.847,0.701,0.701,0.893,0.535,0.902,0.753,0.753,0.815,0.896,0.862,0.848,0.789,0.695,0.809,0.902,0.753,0.826,0.701,0.737,0.574,0.809,0.833,0.808,0.644,0.809,0.932,0.551,0.877,0.829,0.843,0.861,0.852,0.918,0.607,0.854,0.753,0.752,0.808,0.872,0.846,0.793,0.863,0.815,0.616,0.815,0.815,0.701,0.809,0.766,0.753,0.754,0.855,0.753,0.753,0.763,0.858,0.753,0.794,0.829,0.956,0.799,0.809,0.848,0.901
"OLFM3",0.75,0.835,0.68,0.885,0.344,0.701,0,0.785,0.575,0.848,0.658,0.715,0.886,0.796,0.742,0.681,0.718,0.432,0.764,0.679,0.89,0.75,0.74,0.747,0.876,0.894,0.517,0.755,0.52,0.841,0.834,0.737,0.745,0.674,0.776,0.832,0.797,0.798,0.807,0.466,0.853,0.807,0.557,0.858,0.769,0.782,0.761,0.819,0.827,0.844,0.689,0.789,0.48,0.796,0.834,0.801,0.898,0.694,0.792,0.577,0.656,0.727,0.457,0.833,0.796,0.697,0.899,0.896,0.797,0.798,0.789,0.784,0.738,0.771,0.796,0.872,0.701,0.746,0.745,0.843
"HDAC4",0.616,0.816,0.857,0.83,0.8,0.719,0.785,0,0.669,0.874,0.747,0.825,0.717,0.671,0.567,0.663,0.497,0.793,0.868,0.672,0.783,0.58,0.544,0.593,0.321,0.777,0.873,0.765,0.756,0.863,0.672,0.759,0.792,0.799,0.822,0.831,0.845,0.704,0.842,0.729,0.801,0.823,0.605,0.869,0.793,0.449,0.809,0.626,0.475,0.795,0.861,0.704,0.794,0.777,0.827,0.722,0.815,0.849,0.564,0.77,0.591,0.647,0.762,0.804,0.637,0.552,0.873,0.664,0.77,0.769,0.725,0.866,0.732,0.745,0.671,0.898,0.664,0.641,0.76,0.852
"ASB1",0.719,0.8,0.744,0.835,0.55,0.752,0.575,0.669,0,0.88,0.684,0.781,0.907,0.791,0.712,0.619,0.635,0.615,0.861,0.705,0.801,0.751,0.692,0.728,0,0.82,0.701,0.771,0.607,0.863,0.853,0.772,0.754,0.738,0.806,0.824,0.834,0.754,0.846,0.433,0.797,0.777,0.572,0.883,0.774,0.515,0.81,0.803,0.852,0.853,0.743,0.57,0.544,0.772,0.788,0.748,0.736,0.774,0.76,0.594,0.675,0.803,0.569,0.85,0.622,0.722,0.875,0.822,0.788,0.826,0.718,0.837,0.701,0.752,0.791,0.897,0.66,0.78,0.748,0.859
"GCC2",0.908,0.819,0.593,0.91,0.89,0.896,0.848,0.874,0.88,0,0.684,0.858,0.686,0.753,0.858,0.901,0.856,0.849,0.6,0.847,0.858,0.849,0.885,0.901,0.899,0.961,0.897,0.8,0.788,0.716,0.259,0.808,0.919,0.535,0.879,0.853,0.772,0.877,0.715,0.791,0.898,0.867,0.851,0.422,0.739,0.885,0.625,0.86,0.475,0.581,0.872,0.889,0.858,0.71,0.88,0.867,0.947,0.923,0.906,0.892,0.887,0.849,0.789,0.691,0.91,0.87,0.736,0.938,0.89,0.746,0.695,0.857,0.875,0.897,0.753,0.819,0.78,0.8,0.921,0.867
"RALA",0.732,0.767,0.573,0.86,0.64,0.701,0.658,0.747,0.684,0.684,0,0.721,0.61,0.533,0.706,0.709,0.674,0.57,0.7,0.659,0.842,0.739,0.747,0.74,0.728,0.91,0.738,0.705,0.576,0.667,0.565,0.715,0.786,0.552,0.793,0.702,0.686,0.796,0.671,0.547,0.817,0.843,0.621,0.682,0.751,0.782,0.692,0.774,0.675,0.654,0.741,0.78,0.596,0.684,0.818,0.722,0.882,0.808,0.832,0.709,0.722,0.807,0.536,0.665,0.824,0.754,0.801,0.872,0.763,0.681,0.698,0.712,0.77,0.797,0.533,0.762,0.677,0.743,0.761,0.814
"BMF",0.849,0.836,0.783,0.906,0.791,0.727,0.715,0.825,0.781,0.858,0.721,0,0.742,0.704,0.825,0.863,0.803,0.708,0.806,0.621,0.845,0.82,0.782,0.877,0.891,0.849,0.842,0.79,0.711,0.691,0.813,0.74,0.825,0.707,0.855,0.829,0.806,0.779,0.725,0.723,0.762,0.903,0.745,0.855,0.808,0.807,0.795,0.864,0.66,0.76,0.599,0.791,0.764,0.673,0.869,0.871,0.869,0.839,0.871,0.78,0.732,0.847,0.554,0.825,0.829,0.836,0.891,0.901,0.778,0.742,0.837,0.531,0.548,0.799,0.704,0.922,0.801,0.791,0.852,0.872
"WDR90",0.924,0.853,0.841,0.931,0.927,0.953,0.886,0.717,0.907,0.686,0.61,0.742,0,0.853,0.678,0.861,0.717,0.886,0.784,0.676,0.647,0.717,0.908,0.897,0.961,0.978,0.839,0.696,0.832,0.832,0.765,0.845,0.935,0.642,0.953,0.929,0.815,0.737,0.619,0.832,0.918,0.812,0.873,0.712,0.735,0.943,0.333,0.854,0.655,0.615,0.907,0.908,0.873,0.784,0.902,0.878,0.968,0.948,0.923,0.924,0.907,0.884,0.832,0.719,0.939,0.746,0.834,0.96,0.908,0.696,0.746,0.61,0.908,0.922,0.853,0.96,0.801,0.832,0.948,0.578
"ANKRD30B",0.533,0,0.685,0.533,0.782,0.829,0.796,0.671,0.791,0.753,0.533,0.704,0.853,0,0.533,0.62,0.62,0.742,0.785,0.533,0.748,0.62,0.731,0.742,0.803,0.941,0.85,0.617,0.533,0.533,0.805,0.617,0.83,0.708,0.704,0.721,0.533,0.771,0.666,0.533,0.683,0.62,0.617,0.671,0,0.82,0.62,0.62,0.704,0.708,0.533,0.793,0.66,0.725,0.683,0.62,0.772,0.735,0.768,0.786,0.62,0.666,0.533,0.533,0.66,0.533,0.783,0.882,0.671,0.666,0.768,0.671,0.793,0.743,0,0.792,0.723,0.533,0.735,0.62
"APP",0.637,0.816,0.799,0.837,0.724,0.455,0.742,0.567,0.712,0.858,0.706,0.825,0.678,0.533,0,0.635,0.574,0.771,0.792,0.665,0.844,0.679,0.703,0.713,0.415,0.86,0.785,0.704,0.729,0.824,0.699,0.767,0.807,0.741,0.786,0.636,0.837,0.765,0.828,0.712,0.826,0.816,0.586,0.834,0.787,0.298,0.797,0.738,0.578,0.741,0.764,0.728,0.728,0.772,0.843,0.77,0.862,0.833,0.775,0.777,0.702,0.782,0.732,0.786,0.77,0.572,0.845,0.845,0.775,0.731,0.668,0.837,0.8,0.794,0.533,0.71,0.659,0.77,0.788,0.826
"SULF2",0.674,0.729,0.834,0.878,0.602,0.847,0.681,0.663,0.619,0.901,0.709,0.863,0.861,0.62,0.635,0,0.665,0.76,0.829,0.725,0.88,0.692,0.645,0.612,0.607,0.92,0.781,0.671,0.69,0.871,0.813,0.745,0.84,0.789,0.82,0.795,0.861,0.701,0.868,0.736,0.838,0.597,0.536,0.894,0.7,0.751,0.772,0.814,0.777,0.877,0.816,0.743,0.712,0.825,0.852,0.686,0.865,0.792,0.706,0.808,0.595,0.813,0.735,0.861,0.804,0.667,0.9,0.896,0.827,0.797,0.729,0.886,0.836,0.739,0.62,0.935,0.719,0.806,0.761,0.838
"ESR1",0.573,0.828,0.817,0.837,0.738,0.701,0.718,0.497,0.635,0.856,0.674,0.803,0.717,0.62,0.574,0.665,0,0.744,0.851,0.641,0.836,0.582,0.563,0.56,0.762,0.845,0.817,0.746,0.673,0.833,0.672,0.767,0.79,0.746,0.831,0.757,0.843,0.727,0.846,0.736,0.775,0.821,0.559,0.86,0.782,0.298,0.802,0.622,0.475,0.814,0.778,0.732,0.68,0.777,0.828,0.717,0.892,0.821,0.608,0.779,0.556,0.664,0.7,0.8,0.699,0.593,0.883,0.734,0.818,0.729,0.752,0.837,0.806,0.775,0.62,0.853,0.613,0.644,0.754,0.839
"CMTM2",0.726,0.804,0.682,0.873,0.461,0.701,0.432,0.793,0.615,0.849,0.57,0.708,0.886,0.742,0.771,0.76,0.744,0,0.841,0.677,0.889,0.794,0.73,0.834,0.876,0.894,0.465,0.792,0.519,0.842,0.834,0.751,0.734,0.667,0.773,0.832,0.799,0.835,0.807,0.462,0.841,0.902,0.631,0.858,0.797,0.782,0.828,0.859,0.827,0.845,0.68,0.771,0.476,0.789,0.81,0.838,0.891,0.66,0.862,0.564,0.749,0.822,0.453,0.833,0.787,0.802,0.899,0.896,0.795,0.806,0.806,0.779,0.73,0.815,0.742,0.872,0.681,0.78,0.682,0.77
"ANKRD27",0.887,0.858,0.517,0.931,0.766,0.893,0.764,0.868,0.861,0.6,0.7,0.806,0.784,0.785,0.792,0.829,0.851,0.841,0,0.819,0.889,0.816,0.844,0.835,0.921,0.946,0.722,0.796,0.81,0.689,0.852,0.814,0.915,0.506,0.876,0.875,0.845,0.827,0.813,0.834,0.904,0.843,0.78,0.504,0.804,0.903,0.756,0.828,0.821,0.632,0.881,0.865,0.862,0.759,0.904,0.869,0.946,0.913,0.852,0.888,0.838,0.789,0.805,0.82,0.899,0.676,0.74,0.941,0.876,0.79,0.759,0.789,0.856,0.825,0.785,0.708,0.864,0.787,0.914,0.861
"BAD",0.708,0.832,0.777,0.842,0.728,0.535,0.679,0.672,0.705,0.847,0.659,0.621,0.676,0.533,0.665,0.725,0.641,0.677,0.819,0,0.85,0.691,0.705,0.788,0.691,0.865,0.809,0.784,0.631,0.713,0.766,0.748,0.768,0.65,0.812,0.702,0.83,0.795,0.81,0.666,0.738,0.889,0.611,0.837,0.805,0.813,0.83,0.823,0.536,0.72,0.725,0.767,0.686,0.636,0.803,0.82,0.835,0.777,0.849,0.707,0.716,0.842,0.615,0.802,0.825,0.757,0.853,0.881,0.727,0.715,0.751,0.737,0.739,0.825,0.533,0.842,0.692,0.791,0.764,0.848
"RPS27",0.887,0.857,0.87,0.761,0.92,0.902,0.89,0.783,0.801,0.858,0.842,0.845,0.647,0.748,0.844,0.88,0.836,0.889,0.889,0.85,0,0.84,0.814,0.846,0.633,0.692,0.929,0.847,0.842,0.862,0.807,0.859,0.835,0.84,0.879,0.863,0.824,0.682,0.802,0.746,0.772,0.907,0.845,0.859,0.829,0.822,0.814,0.777,0.722,0.779,0.906,0.863,0.896,0.816,0.812,0.662,0.753,0.942,0.707,0.83,0.806,0.732,0.843,0.843,0.795,0.845,0.849,0.609,0.787,0.863,0.772,0.887,0.835,0.864,0.748,0.929,0.839,0.768,0.788,0.914
"ARID2",0.746,0.808,0.839,0.812,0.783,0.753,0.75,0.58,0.751,0.849,0.739,0.82,0.717,0.62,0.679,0.692,0.582,0.794,0.816,0.691,0.84,0,0.638,0.598,0.836,0.85,0.848,0.738,0.701,0.836,0.672,0.702,0.842,0.778,0.829,0.857,0.786,0.647,0.81,0.777,0.832,0.771,0.588,0.847,0.756,0.769,0.735,0.673,0.475,0.796,0.834,0.77,0.784,0.797,0.879,0.587,0.887,0.849,0.627,0.806,0.635,0.701,0.722,0.691,0.748,0.572,0.888,0.753,0.691,0.682,0.763,0.803,0.772,0.698,0.62,0.898,0.755,0.688,0.85,0.859
"ASH2L",0.738,0.78,0.835,0.84,0.765,0.753,0.74,0.544,0.692,0.885,0.747,0.782,0.908,0.731,0.703,0.645,0.563,0.73,0.844,0.705,0.814,0.638,0,0.635,0.875,0.756,0.843,0.75,0.693,0.852,0.851,0.612,0.781,0.801,0.843,0.854,0.827,0.704,0.841,0.767,0.809,0.771,0.521,0.883,0.76,0.651,0.814,0.61,0.849,0.84,0.838,0.577,0.782,0.761,0.818,0.666,0.848,0.792,0.544,0.724,0.559,0.645,0.726,0.838,0.62,0.601,0.901,0.558,0.726,0.766,0.784,0.809,0.65,0.753,0.731,0.898,0.666,0.666,0.75,0.796
"TBX18",0.731,0.789,0.855,0.871,0.716,0.815,0.747,0.593,0.728,0.901,0.74,0.877,0.897,0.742,0.713,0.612,0.56,0.834,0.835,0.788,0.846,0.598,0.635,0,0.863,0.838,0.818,0.716,0.702,0.872,0.835,0.772,0.851,0.836,0.835,0.832,0.863,0.694,0.88,0.801,0.865,0.734,0.577,0.896,0.755,0.774,0.764,0.577,0.827,0.863,0.851,0.846,0.78,0.877,0.888,0.661,0.907,0.873,0.456,0.846,0.525,0.564,0.786,0.857,0.71,0.563,0.916,0.691,0.857,0.82,0.786,0.893,0.869,0.689,0.742,0.883,0.767,0.637,0.848,0.891
"FBXO25",0.76,0.803,0.836,0.76,0.926,0.896,0.876,0.321,0,0.899,0.728,0.891,0.961,0.803,0.415,0.607,0.762,0.876,0.921,0.691,0.633,0.836,0.875,0.863,0,0.825,0.951,0.817,0.797,0.797,0.905,0.817,0.752,0.876,0.825,0.824,0.797,0.745,0.868,0.415,0.662,0.939,0.71,0.878,0.803,0.887,0.859,0.859,0.925,0.767,0.899,0.887,0.856,0.516,0.662,0.717,0.516,0.95,0.787,0.694,0.863,0.863,0.797,0.797,0.867,0.81,0.751,0.767,0.715,0.868,0.382,0.899,0.554,0.899,0.803,0.967,0.84,0.797,0.814,0.941
"LARP1B",0.897,0.956,0.933,0.861,0.925,0.862,0.894,0.777,0.82,0.961,0.91,0.849,0.978,0.941,0.86,0.92,0.845,0.894,0.946,0.865,0.692,0.85,0.756,0.838,0.825,0,0.94,0.948,0.897,0.958,0.955,0.894,0.846,0.9,0.853,0.927,0.944,0.787,0.94,0.864,0.845,0.977,0.826,0.965,0.953,0.753,0.952,0.727,0.968,0.872,0.928,0.789,0.922,0.904,0.896,0.802,0.781,0.928,0.701,0.798,0.794,0.68,0.877,0.949,0.705,0.846,0.933,0.614,0.786,0.934,0.858,0.911,0.81,0.503,0.941,0.981,0.839,0.786,0.879,0.949
"PLEKHG4",0.846,0.876,0.66,0.938,0.483,0.848,0.517,0.873,0.701,0.897,0.738,0.842,0.839,0.85,0.785,0.781,0.817,0.465,0.722,0.809,0.929,0.848,0.843,0.818,0.951,0.94,0,0.836,0.678,0.9,0.872,0.829,0.85,0.784,0.841,0.918,0.862,0.885,0.864,0.618,0.913,0.86,0.721,0.903,0.828,0.889,0.792,0.878,0.858,0.902,0.718,0.859,0.659,0.872,0.897,0.893,0.94,0.807,0.87,0.724,0.807,0.804,0.642,0.892,0.86,0.705,0.932,0.947,0.881,0.875,0.86,0.869,0.844,0.847,0.85,0.949,0.771,0.83,0.742,0.859
"CDH8",0.739,0.663,0.762,0.852,0.785,0.789,0.755,0.765,0.771,0.8,0.705,0.79,0.696,0.617,0.704,0.671,0.746,0.792,0.796,0.784,0.847,0.738,0.75,0.716,0.817,0.948,0.836,0,0.654,0.756,0.745,0.542,0.877,0.76,0.819,0.737,0.733,0.778,0.578,0.724,0.857,0.673,0.641,0.794,0.676,0.809,0.649,0.796,0.648,0.771,0.814,0.826,0.746,0.804,0.843,0.75,0.922,0.814,0.812,0.837,0.674,0.789,0.71,0.747,0.858,0.716,0.854,0.922,0.836,0.546,0.696,0.807,0.831,0.781,0.617,0.809,0.82,0.73,0.817,0.843
"TXNRD1",0.705,0.701,0.664,0.791,0.528,0.695,0.52,0.756,0.607,0.788,0.576,0.711,0.832,0.533,0.729,0.69,0.673,0.519,0.81,0.631,0.842,0.701,0.693,0.702,0.797,0.897,0.678,0.654,0,0.73,0.75,0.626,0.749,0.638,0.774,0.702,0.686,0.782,0.737,0.477,0.754,0.787,0.553,0.781,0.706,0.782,0.697,0.784,0.689,0.785,0.672,0.743,0.495,0.763,0.651,0.744,0.883,0.71,0.806,0.622,0.643,0.751,0.465,0.717,0.786,0.749,0.849,0.88,0.765,0.727,0.765,0.749,0.694,0.749,0.533,0.788,0.689,0.583,0.739,0.815
"STEAP3",0.857,0.731,0.545,0.858,0.848,0.809,0.841,0.863,0.863,0.716,0.667,0.691,0.832,0.533,0.824,0.871,0.833,0.842,0.689,0.713,0.862,0.836,0.852,0.872,0.797,0.958,0.9,0.756,0.73,0,0.565,0.766,0.91,0.64,0.86,0.702,0.672,0.883,0.798,0.627,0.809,0.868,0.802,0.623,0.723,0.792,0.763,0.764,0.689,0.709,0.614,0.877,0.801,0.657,0.838,0.751,0.928,0.9,0.869,0.839,0.726,0.808,0.563,0.661,0.895,0.842,0.752,0.915,0.831,0.775,0.781,0.631,0.852,0.89,0.533,0.779,0.839,0.739,0.881,0.883
"CCDC102B",0.867,0.805,0.79,0.897,0.874,0.902,0.834,0.672,0.853,0.259,0.565,0.813,0.765,0.805,0.699,0.813,0.672,0.834,0.852,0.766,0.807,0.672,0.851,0.835,0.905,0.955,0.872,0.745,0.75,0.565,0,0.77,0.889,0.744,0.907,0.863,0.6,0.802,0.676,0.565,0.871,0.747,0.804,0.461,0.631,0.891,0.083,0.661,0.601,0.645,0.837,0.854,0.804,0.721,0.845,0.661,0.942,0.912,0.879,0.827,0.837,0.813,0.565,0.17,0.91,0.819,0.778,0.922,0.749,0.565,0.819,0.837,0.854,0.877,0.805,0.902,0.732,0.75,0.902,0.808
"LAMC2",0.816,0.722,0.764,0.859,0.751,0.753,0.737,0.759,0.772,0.808,0.715,0.74,0.845,0.617,0.767,0.745,0.767,0.751,0.814,0.748,0.859,0.702,0.612,0.772,0.817,0.894,0.829,0.542,0.626,0.766,0.77,0,0.865,0.761,0.842,0.737,0.722,0.799,0.667,0.693,0.839,0.717,0.518,0.801,0.684,0.809,0.706,0.791,0.726,0.798,0.78,0.659,0.745,0.755,0.837,0.793,0.896,0.853,0.8,0.798,0.707,0.77,0.656,0.766,0.81,0.732,0.863,0.875,0.752,0.614,0.769,0.554,0.575,0.775,0.617,0.809,0.786,0.696,0.85,0.772
"ERLIN1",0.817,0.898,0.856,0.873,0.767,0.826,0.745,0.792,0.754,0.919,0.786,0.825,0.935,0.83,0.807,0.84,0.79,0.734,0.915,0.768,0.835,0.842,0.781,0.851,0.752,0.846,0.85,0.877,0.749,0.91,0.889,0.865,0,0.799,0.815,0.885,0.895,0.823,0.894,0.708,0.727,0.949,0.766,0.922,0.892,0.875,0.906,0.858,0.898,0.873,0.846,0.856,0.717,0.816,0.703,0.803,0.704,0.832,0.819,0.748,0.822,0.828,0.714,0.896,0.797,0.849,0.689,0.833,0.72,0.885,0.804,0.892,0.825,0.854,0.83,0.934,0.791,0.818,0.812,0.906
"TOM1",0.779,0.827,0.373,0.878,0.657,0.701,0.674,0.799,0.738,0.535,0.552,0.707,0.642,0.708,0.741,0.789,0.746,0.667,0.506,0.65,0.84,0.778,0.801,0.836,0.876,0.9,0.784,0.76,0.638,0.64,0.744,0.761,0.799,0,0.794,0.817,0.782,0.816,0.704,0.619,0.819,0.873,0.68,0.392,0.773,0.782,0.751,0.841,0.622,0.532,0.762,0.808,0.581,0.7,0.851,0.836,0.881,0.81,0.871,0.721,0.786,0.834,0.596,0.749,0.843,0.818,0.692,0.899,0.801,0.722,0.712,0.797,0.79,0.837,0.708,0.708,0.714,0.783,0.806,0.846
"PNKD",0.832,0.834,0.82,0.869,0.804,0.737,0.776,0.822,0.806,0.879,0.793,0.855,0.953,0.704,0.786,0.82,0.831,0.773,0.876,0.812,0.879,0.829,0.843,0.835,0.825,0.853,0.841,0.819,0.774,0.86,0.907,0.842,0.815,0.794,0,0.85,0.874,0.81,0.888,0.77,0.733,0.872,0.781,0.879,0.838,0.848,0.892,0.858,0.922,0.859,0.836,0.853,0.759,0.83,0.797,0.836,0.812,0.844,0.843,0.791,0.818,0.843,0.756,0.887,0.817,0.854,0.867,0.848,0.817,0.88,0.752,0.884,0.831,0.823,0.704,0.923,0.833,0.832,0.833,0.872
"ALPP",0.81,0.721,0.769,0.702,0.884,0.574,0.832,0.831,0.824,0.853,0.702,0.829,0.929,0.721,0.636,0.795,0.757,0.832,0.875,0.702,0.863,0.857,0.854,0.832,0.824,0.927,0.918,0.737,0.702,0.702,0.863,0.737,0.885,0.817,0.85,0,0.702,0.819,0.8,0.636,0.723,0.895,0.788,0.817,0.721,0.869,0.783,0.783,0.867,0.817,0.834,0.857,0.788,0.851,0.806,0.77,0.87,0.926,0.855,0.678,0.834,0.8,0.702,0.702,0.9,0.82,0.624,0.855,0.829,0.8,0.847,0.834,0.857,0.886,0.721,0.924,0.882,0.702,0.831,0.91
"NSL1",0.852,0.712,0.765,0.844,0.816,0.809,0.797,0.845,0.834,0.772,0.686,0.806,0.815,0.533,0.837,0.861,0.843,0.799,0.845,0.83,0.824,0.786,0.827,0.863,0.797,0.944,0.862,0.733,0.686,0.672,0.6,0.722,0.895,0.782,0.874,0.702,0,0.862,0.755,0.624,0.838,0.84,0.765,0.76,0.688,0.792,0.691,0.757,0.689,0.751,0.784,0.857,0.784,0.821,0.81,0.75,0.916,0.882,0.848,0.825,0.819,0.753,0.637,0.424,0.884,0.834,0.836,0.894,0.826,0.798,0.844,0.789,0.815,0.863,0.533,0.788,0.846,0.691,0.864,0.87
"TFIP11",0.812,0.828,0.845,0.713,0.846,0.833,0.798,0.704,0.754,0.877,0.796,0.779,0.737,0.771,0.765,0.701,0.727,0.835,0.827,0.795,0.682,0.647,0.704,0.694,0.745,0.787,0.885,0.778,0.782,0.883,0.802,0.799,0.823,0.816,0.81,0.819,0.862,0,0.812,0.808,0.769,0.763,0.731,0.879,0.775,0.749,0.782,0.791,0.766,0.787,0.862,0.818,0.856,0.806,0.808,0.612,0.782,0.885,0.653,0.783,0.706,0.763,0.788,0.847,0.761,0.709,0.857,0.674,0.714,0.782,0.782,0.852,0.824,0.725,0.771,0.942,0.794,0.771,0.601,0.904
"BAIAP2L1",0.876,0.802,0.761,0.895,0.842,0.808,0.807,0.842,0.846,0.715,0.671,0.725,0.619,0.666,0.828,0.868,0.846,0.807,0.813,0.81,0.802,0.81,0.841,0.88,0.868,0.94,0.864,0.578,0.737,0.798,0.676,0.667,0.894,0.704,0.888,0.8,0.755,0.812,0,0.748,0.876,0.806,0.798,0.699,0.65,0.854,0.663,0.845,0.579,0.609,0.833,0.846,0.805,0.66,0.869,0.853,0.927,0.895,0.883,0.849,0.858,0.831,0.73,0.75,0.869,0.837,0.82,0.921,0.851,0.594,0.787,0.784,0.826,0.865,0.666,0.863,0.829,0.771,0.894,0.865
"MAPK4",0.724,0.732,0.632,0.802,0.486,0.644,0.466,0.729,0.433,0.791,0.547,0.723,0.832,0.533,0.712,0.736,0.736,0.462,0.834,0.666,0.746,0.777,0.767,0.801,0.415,0.864,0.618,0.724,0.477,0.627,0.565,0.693,0.708,0.619,0.77,0.636,0.624,0.808,0.748,0,0.778,0.859,0.561,0.779,0.723,0.792,0.735,0.724,0.689,0.725,0.633,0.787,0.485,0.734,0.755,0.676,0.75,0.732,0.811,0.427,0.707,0.752,0.301,0.647,0.786,0.79,0.801,0.82,0.7,0.773,0.7,0.769,0.677,0.798,0.533,0.788,0.667,0.691,0.688,0.853
"AKR1A1",0.843,0.84,0.858,0.797,0.877,0.809,0.853,0.801,0.797,0.898,0.817,0.762,0.918,0.683,0.826,0.838,0.775,0.841,0.904,0.738,0.772,0.832,0.809,0.865,0.662,0.845,0.913,0.857,0.754,0.809,0.871,0.839,0.727,0.819,0.733,0.723,0.838,0.769,0.876,0.778,0,0.919,0.82,0.889,0.84,0.786,0.875,0.849,0.876,0.87,0.7,0.847,0.853,0.742,0.54,0.737,0.721,0.888,0.807,0.835,0.805,0.826,0.748,0.862,0.831,0.832,0.773,0.779,0.771,0.825,0.789,0.742,0.843,0.839,0.683,0.912,0.785,0.811,0.781,0.895
"COL11A2",0.83,0.677,0.874,0.893,0.8,0.932,0.807,0.823,0.777,0.867,0.843,0.903,0.812,0.62,0.816,0.597,0.821,0.902,0.843,0.889,0.907,0.771,0.771,0.734,0.939,0.977,0.86,0.673,0.787,0.868,0.747,0.717,0.949,0.873,0.872,0.895,0.84,0.763,0.806,0.859,0.919,0,0.71,0.839,0.606,0.919,0.693,0.85,0.672,0.868,0.882,0.912,0.89,0.896,0.908,0.788,0.94,0.88,0.723,0.933,0.545,0.813,0.858,0.845,0.889,0.735,0.905,0.961,0.924,0.813,0.867,0.906,0.924,0.773,0.62,0.937,0.906,0.824,0.925,0.843
"FGF3",0.649,0.756,0.747,0.854,0.55,0.551,0.557,0.605,0.572,0.851,0.621,0.745,0.873,0.617,0.586,0.536,0.559,0.631,0.78,0.611,0.845,0.588,0.521,0.577,0.71,0.826,0.721,0.641,0.553,0.802,0.804,0.518,0.766,0.68,0.781,0.788,0.765,0.731,0.798,0.561,0.82,0.71,0,0.843,0.73,0.558,0.712,0.688,0.78,0.752,0.751,0.589,0.524,0.748,0.821,0.743,0.845,0.774,0.662,0.636,0.532,0.667,0.579,0.785,0.733,0.582,0.868,0.835,0.725,0.666,0.717,0.719,0.648,0.678,0.617,0.85,0.615,0.645,0.759,0.798
"HOOK2",0.896,0.775,0.449,0.892,0.888,0.877,0.858,0.869,0.883,0.422,0.682,0.855,0.712,0.671,0.834,0.894,0.86,0.858,0.504,0.837,0.859,0.847,0.883,0.896,0.878,0.965,0.903,0.794,0.781,0.623,0.461,0.801,0.922,0.392,0.879,0.817,0.76,0.879,0.699,0.779,0.889,0.839,0.843,0,0.691,0.864,0.682,0.85,0.481,0.542,0.855,0.893,0.847,0.716,0.87,0.853,0.944,0.92,0.901,0.892,0.874,0.838,0.781,0.701,0.911,0.867,0.675,0.936,0.89,0.723,0.738,0.855,0.877,0.903,0.671,0.708,0.827,0.785,0.914,0.87
"TCHH",0.771,0.457,0.777,0.767,0.767,0.829,0.769,0.793,0.774,0.739,0.751,0.808,0.735,0,0.787,0.7,0.782,0.797,0.804,0.805,0.829,0.756,0.76,0.755,0.803,0.953,0.828,0.676,0.706,0.723,0.631,0.684,0.892,0.773,0.838,0.721,0.688,0.775,0.65,0.723,0.84,0.606,0.73,0.691,0,0.82,0.632,0.783,0.542,0.795,0.758,0.847,0.8,0.802,0.803,0.763,0.862,0.812,0.775,0.86,0.72,0.709,0.738,0.714,0.809,0.719,0.807,0.91,0.831,0.722,0.827,0.807,0.843,0.8,0,0.792,0.821,0.698,0.825,0.778
"MIR636",0.776,0.82,0.827,0.813,0.874,0.843,0.782,0.449,0.515,0.885,0.782,0.807,0.943,0.82,0.298,0.751,0.298,0.782,0.903,0.813,0.822,0.769,0.651,0.774,0.887,0.753,0.889,0.809,0.782,0.792,0.891,0.809,0.875,0.782,0.848,0.869,0.792,0.749,0.854,0.792,0.786,0.919,0.558,0.864,0.82,0,0.845,0.81,0.903,0.864,0.873,0,0.82,0.812,0.786,0.824,0.806,0.892,0.774,0.85,0.774,0.774,0.769,0.792,0.572,0.406,0.877,0.812,0.821,0.821,0.762,0.873,0.821,0.753,0.82,0.943,0.558,0.792,0.817,0.911
"SDCCAG8",0.839,0.738,0.771,0.884,0.763,0.861,0.761,0.809,0.81,0.625,0.692,0.795,0.333,0.62,0.797,0.772,0.802,0.828,0.756,0.83,0.814,0.735,0.814,0.764,0.859,0.952,0.792,0.649,0.697,0.763,0.083,0.706,0.906,0.751,0.892,0.783,0.691,0.782,0.663,0.735,0.875,0.693,0.712,0.682,0.632,0.845,0,0.778,0.473,0.749,0.836,0.867,0.824,0.785,0.857,0.782,0.93,0.895,0.824,0.865,0.735,0.76,0.733,0.615,0.885,0.686,0.827,0.924,0.862,0.676,0.833,0.704,0.854,0.81,0.62,0.853,0.839,0.731,0.898,0.801
"MYBL1",0.77,0.823,0.852,0.84,0.808,0.852,0.819,0.626,0.803,0.86,0.774,0.864,0.854,0.62,0.738,0.814,0.622,0.859,0.828,0.823,0.777,0.673,0.61,0.577,0.859,0.727,0.878,0.796,0.784,0.764,0.661,0.791,0.858,0.841,0.858,0.783,0.757,0.791,0.845,0.724,0.849,0.85,0.688,0.85,0.783,0.81,0.778,0,0.761,0.784,0.867,0.83,0.846,0.862,0.862,0.624,0.889,0.914,0.45,0.832,0.567,0.421,0.717,0.653,0.684,0.577,0.885,0.51,0.813,0.826,0.839,0.867,0.849,0.737,0.62,0.853,0.768,0.527,0.858,0.819
"ATAD3B",0.872,0.704,0.751,0.872,0.88,0.918,0.827,0.475,0.852,0.475,0.675,0.66,0.655,0.704,0.578,0.777,0.475,0.827,0.821,0.536,0.722,0.475,0.849,0.827,0.925,0.968,0.858,0.648,0.689,0.689,0.601,0.726,0.898,0.622,0.922,0.867,0.689,0.766,0.579,0.689,0.876,0.672,0.78,0.481,0.542,0.903,0.473,0.761,0,0.649,0.827,0.853,0.78,0.64,0.841,0.773,0.945,0.924,0.886,0.872,0.827,0.792,0.689,0.45,0.896,0.783,0.725,0.939,0.853,0.469,0.783,0.827,0.853,0.883,0.704,0.922,0.643,0.689,0.916,0.844
"SNX9",0.83,0.827,0.573,0.894,0.884,0.607,0.844,0.795,0.853,0.581,0.654,0.76,0.615,0.708,0.741,0.877,0.814,0.845,0.632,0.72,0.779,0.796,0.84,0.863,0.767,0.872,0.902,0.771,0.785,0.709,0.645,0.798,0.873,0.532,0.859,0.817,0.751,0.787,0.609,0.725,0.87,0.868,0.752,0.542,0.795,0.864,0.749,0.784,0.649,0,0.869,0.854,0.845,0.72,0.873,0.803,0.883,0.912,0.863,0.809,0.85,0.834,0.762,0.717,0.878,0.838,0.736,0.894,0.763,0.758,0.681,0.83,0.829,0.859,0.708,0.71,0.793,0.795,0.911,0.879
"TMBIM4",0.806,0.747,0.73,0.883,0.681,0.854,0.689,0.861,0.743,0.872,0.741,0.599,0.907,0.533,0.764,0.816,0.778,0.68,0.881,0.725,0.906,0.834,0.838,0.851,0.899,0.928,0.718,0.814,0.672,0.614,0.837,0.78,0.846,0.762,0.836,0.834,0.784,0.862,0.833,0.633,0.7,0.882,0.751,0.855,0.758,0.873,0.836,0.867,0.827,0.869,0,0.842,0.685,0.696,0.868,0.865,0.907,0.83,0.896,0.757,0.66,0.845,0.543,0.826,0.835,0.756,0.896,0.931,0.852,0.75,0.853,0.413,0.824,0.805,0.533,0.894,0.707,0.765,0.777,0.849
"MIR657",0.781,0.85,0.839,0.863,0.811,0.753,0.789,0.704,0.57,0.889,0.78,0.791,0.908,0.793,0.728,0.743,0.732,0.771,0.865,0.767,0.863,0.77,0.577,0.846,0.887,0.789,0.859,0.826,0.743,0.877,0.854,0.659,0.856,0.808,0.853,0.857,0.857,0.818,0.846,0.787,0.847,0.912,0.589,0.893,0.847,0,0.867,0.83,0.853,0.854,0.842,0,0.774,0.79,0.847,0.865,0.837,0.831,0.819,0.806,0.818,0.808,0.736,0.847,0.536,0.716,0.907,0.825,0.786,0.771,0.806,0.81,0.653,0.778,0.793,0.898,0.675,0.763,0.779,0.861
"ADRA1B",0.56,0.803,0.703,0.811,0.513,0.752,0.48,0.794,0.544,0.858,0.596,0.764,0.873,0.66,0.728,0.712,0.68,0.476,0.862,0.686,0.896,0.784,0.782,0.78,0.856,0.922,0.659,0.746,0.495,0.801,0.804,0.745,0.717,0.581,0.759,0.788,0.784,0.856,0.805,0.485,0.853,0.89,0.524,0.847,0.8,0.82,0.824,0.846,0.78,0.845,0.685,0.774,0,0.81,0.834,0.836,0.909,0.612,0.883,0.588,0.713,0.843,0.476,0.789,0.782,0.809,0.894,0.916,0.79,0.773,0.777,0.823,0.771,0.824,0.66,0.85,0.634,0.782,0.706,0.861
"CAPN10",0.844,0.843,0.737,0.87,0.829,0.808,0.796,0.777,0.772,0.71,0.684,0.673,0.784,0.725,0.772,0.825,0.777,0.789,0.759,0.636,0.816,0.797,0.761,0.877,0.516,0.904,0.872,0.804,0.763,0.657,0.721,0.755,0.816,0.7,0.83,0.851,0.821,0.806,0.66,0.734,0.742,0.896,0.748,0.716,0.802,0.812,0.785,0.862,0.64,0.72,0.696,0.79,0.81,0,0.811,0.816,0.711,0.804,0.866,0.808,0.761,0.859,0.691,0.798,0.84,0.823,0.805,0.865,0.726,0.697,0.682,0.662,0.762,0.857,0.725,0.506,0.741,0.819,0.826,0.859
"MGST3",0.852,0.803,0.851,0.794,0.854,0.872,0.834,0.827,0.788,0.88,0.818,0.869,0.902,0.683,0.843,0.852,0.828,0.81,0.904,0.803,0.812,0.879,0.818,0.888,0.662,0.896,0.897,0.843,0.651,0.838,0.845,0.837,0.703,0.851,0.797,0.806,0.81,0.808,0.869,0.755,0.54,0.908,0.821,0.87,0.803,0.786,0.857,0.862,0.841,0.873,0.868,0.847,0.834,0.811,0,0.768,0.688,0.884,0.834,0.828,0.858,0.834,0.794,0.848,0.854,0.862,0.758,0.81,0.825,0.885,0.817,0.886,0.848,0.894,0.683,0.891,0.838,0.816,0.801,0.873
"POLE",0.8,0.761,0.842,0.745,0.849,0.846,0.801,0.722,0.748,0.867,0.722,0.871,0.878,0.62,0.77,0.686,0.717,0.838,0.869,0.82,0.662,0.587,0.666,0.661,0.717,0.802,0.893,0.75,0.744,0.751,0.661,0.793,0.803,0.836,0.836,0.77,0.75,0.612,0.853,0.676,0.737,0.788,0.743,0.853,0.763,0.824,0.782,0.624,0.773,0.803,0.865,0.865,0.836,0.816,0.768,0,0.801,0.885,0.59,0.797,0.648,0.684,0.708,0.689,0.763,0.703,0.838,0.568,0.598,0.848,0.748,0.878,0.843,0.779,0.62,0.853,0.797,0.714,0.761,0.902
"TYSND1",0.908,0.849,0.913,0.818,0.92,0.793,0.898,0.815,0.736,0.947,0.882,0.869,0.968,0.772,0.862,0.865,0.892,0.891,0.946,0.835,0.753,0.887,0.848,0.907,0.516,0.781,0.94,0.922,0.883,0.928,0.942,0.896,0.704,0.881,0.812,0.87,0.916,0.782,0.927,0.75,0.721,0.94,0.845,0.944,0.862,0.806,0.93,0.889,0.945,0.883,0.907,0.837,0.909,0.711,0.688,0.801,0,0.925,0.839,0.796,0.878,0.835,0.871,0.935,0.805,0.876,0.834,0.771,0.714,0.927,0.741,0.922,0.809,0.838,0.772,0.965,0.858,0.878,0.818,0.934
"AGTRAP",0.709,0.798,0.845,0.846,0.734,0.863,0.694,0.849,0.774,0.923,0.808,0.839,0.948,0.735,0.833,0.792,0.821,0.66,0.913,0.777,0.942,0.849,0.792,0.873,0.95,0.928,0.807,0.814,0.71,0.9,0.912,0.853,0.832,0.81,0.844,0.926,0.882,0.885,0.895,0.732,0.888,0.88,0.774,0.92,0.812,0.892,0.895,0.914,0.924,0.912,0.83,0.831,0.612,0.804,0.884,0.885,0.925,0,0.925,0.775,0.84,0.901,0.711,0.876,0.829,0.884,0.937,0.947,0.816,0.852,0.887,0.888,0.831,0.874,0.735,0.949,0.783,0.878,0.627,0.84
"BARX2",0.768,0.849,0.873,0.804,0.809,0.815,0.792,0.564,0.76,0.906,0.832,0.871,0.923,0.768,0.775,0.706,0.608,0.862,0.852,0.849,0.707,0.627,0.544,0.456,0.787,0.701,0.87,0.812,0.806,0.869,0.879,0.8,0.819,0.871,0.843,0.855,0.848,0.653,0.883,0.811,0.807,0.723,0.662,0.901,0.775,0.774,0.824,0.45,0.886,0.863,0.896,0.819,0.883,0.866,0.834,0.59,0.839,0.925,0,0.84,0.415,0.303,0.822,0.875,0.519,0.548,0.887,0.314,0.806,0.87,0.807,0.892,0.833,0.708,0.768,0.919,0.758,0.494,0.815,0.902
"TIPRL",0.767,0.866,0.77,0.873,0.62,0.616,0.577,0.77,0.594,0.892,0.709,0.78,0.924,0.786,0.777,0.808,0.779,0.564,0.888,0.707,0.83,0.806,0.724,0.846,0.694,0.798,0.724,0.837,0.622,0.839,0.827,0.798,0.748,0.721,0.791,0.678,0.825,0.783,0.849,0.427,0.835,0.933,0.636,0.892,0.86,0.85,0.865,0.832,0.872,0.809,0.757,0.806,0.588,0.808,0.828,0.797,0.796,0.775,0.84,0,0.788,0.807,0.496,0.838,0.765,0.822,0.879,0.856,0.729,0.849,0.777,0.837,0.656,0.78,0.786,0.918,0.678,0.79,0.767,0.889
"CSRNP1",0.706,0.706,0.834,0.834,0.621,0.815,0.656,0.591,0.675,0.887,0.722,0.732,0.907,0.62,0.702,0.595,0.556,0.749,0.838,0.716,0.806,0.635,0.559,0.525,0.863,0.794,0.807,0.674,0.643,0.726,0.837,0.707,0.822,0.786,0.818,0.834,0.819,0.706,0.858,0.707,0.805,0.545,0.532,0.874,0.72,0.774,0.735,0.567,0.827,0.85,0.66,0.818,0.713,0.761,0.858,0.648,0.878,0.84,0.415,0.788,0,0.554,0.669,0.839,0.653,0.591,0.898,0.571,0.83,0.796,0.792,0.714,0.842,0.698,0.62,0.894,0.731,0.655,0.82,0.87
"NKX1-2",0.827,0.77,0.83,0.816,0.734,0.815,0.727,0.647,0.803,0.849,0.807,0.847,0.884,0.666,0.782,0.813,0.664,0.822,0.789,0.842,0.732,0.701,0.645,0.564,0.863,0.68,0.804,0.789,0.751,0.808,0.813,0.77,0.828,0.834,0.843,0.8,0.753,0.763,0.831,0.752,0.826,0.813,0.667,0.838,0.709,0.774,0.76,0.421,0.792,0.834,0.845,0.808,0.843,0.859,0.834,0.684,0.835,0.901,0.303,0.807,0.554,0,0.764,0.818,0.558,0.574,0.875,0.367,0.823,0.836,0.834,0.85,0.811,0.629,0.666,0.863,0.782,0.348,0.838,0.881
"TP53BP2",0.722,0.749,0.643,0.852,0.503,0.701,0.457,0.762,0.569,0.789,0.536,0.554,0.832,0.533,0.732,0.735,0.7,0.453,0.805,0.615,0.843,0.722,0.726,0.786,0.797,0.877,0.642,0.71,0.465,0.563,0.565,0.656,0.714,0.596,0.756,0.702,0.637,0.788,0.73,0.301,0.748,0.858,0.579,0.781,0.738,0.769,0.733,0.717,0.689,0.762,0.543,0.736,0.476,0.691,0.794,0.708,0.871,0.711,0.822,0.496,0.669,0.764,0,0.633,0.762,0.747,0.849,0.872,0.691,0.723,0.762,0.621,0.685,0.725,0.533,0.788,0.663,0.659,0.712,0.838
"NDC80",0.838,0.771,0.774,0.854,0.859,0.809,0.833,0.804,0.85,0.691,0.665,0.825,0.719,0.533,0.786,0.861,0.8,0.833,0.82,0.802,0.843,0.691,0.838,0.857,0.797,0.949,0.892,0.747,0.717,0.661,0.17,0.766,0.896,0.749,0.887,0.702,0.424,0.847,0.75,0.647,0.862,0.845,0.785,0.701,0.714,0.792,0.615,0.653,0.45,0.717,0.826,0.847,0.789,0.798,0.848,0.689,0.935,0.876,0.875,0.838,0.839,0.818,0.633,0,0.882,0.829,0.839,0.922,0.749,0.745,0.826,0.829,0.842,0.874,0.533,0.788,0.826,0.732,0.894,0.842
"ZBTB25",0.756,0.795,0.844,0.8,0.815,0.766,0.796,0.637,0.622,0.91,0.824,0.829,0.939,0.66,0.77,0.804,0.699,0.787,0.899,0.825,0.795,0.748,0.62,0.71,0.867,0.705,0.86,0.858,0.786,0.895,0.91,0.81,0.797,0.843,0.817,0.9,0.884,0.761,0.869,0.786,0.831,0.889,0.733,0.911,0.809,0.572,0.885,0.684,0.896,0.878,0.835,0.536,0.782,0.84,0.854,0.763,0.805,0.829,0.519,0.765,0.653,0.558,0.762,0.882,0,0.682,0.903,0.503,0.781,0.843,0.814,0.843,0.775,0.743,0.66,0.927,0.707,0.632,0.821,0.872
"FEZF2",0.723,0.799,0.833,0.867,0.604,0.753,0.697,0.552,0.722,0.87,0.754,0.836,0.746,0.533,0.572,0.667,0.593,0.802,0.676,0.757,0.845,0.572,0.601,0.563,0.81,0.846,0.705,0.716,0.749,0.842,0.819,0.732,0.849,0.818,0.854,0.82,0.834,0.709,0.837,0.79,0.832,0.735,0.582,0.867,0.719,0.406,0.686,0.577,0.783,0.838,0.756,0.716,0.809,0.823,0.862,0.703,0.876,0.884,0.548,0.822,0.591,0.574,0.747,0.829,0.682,0,0.887,0.727,0.818,0.763,0.748,0.813,0.796,0.653,0.533,0.875,0.749,0.584,0.848,0.817
"OSBPL5",0.914,0.829,0.647,0.87,0.92,0.754,0.899,0.873,0.875,0.736,0.801,0.891,0.834,0.783,0.845,0.9,0.883,0.899,0.74,0.853,0.849,0.888,0.901,0.916,0.751,0.933,0.932,0.854,0.849,0.752,0.778,0.863,0.689,0.692,0.867,0.624,0.836,0.857,0.82,0.801,0.773,0.905,0.868,0.675,0.807,0.877,0.827,0.885,0.725,0.736,0.896,0.907,0.894,0.805,0.758,0.838,0.834,0.937,0.887,0.879,0.898,0.875,0.849,0.839,0.903,0.887,0,0.886,0.869,0.849,0.792,0.896,0.891,0.919,0.783,0.726,0.883,0.849,0.893,0.917
"TCEA1",0.84,0.912,0.91,0.737,0.928,0.855,0.896,0.664,0.822,0.938,0.872,0.901,0.96,0.882,0.845,0.896,0.734,0.896,0.941,0.881,0.609,0.753,0.558,0.691,0.767,0.614,0.947,0.922,0.88,0.915,0.922,0.875,0.833,0.899,0.848,0.855,0.894,0.674,0.921,0.82,0.779,0.961,0.835,0.936,0.91,0.812,0.924,0.51,0.939,0.894,0.931,0.825,0.916,0.865,0.81,0.568,0.771,0.947,0.314,0.856,0.571,0.367,0.872,0.922,0.503,0.727,0.886,0,0.764,0.927,0.824,0.918,0.852,0.793,0.882,0.963,0.759,0.576,0.751,0.944
"RAD23A",0.826,0.834,0.846,0.776,0.822,0.753,0.797,0.77,0.788,0.89,0.763,0.778,0.908,0.671,0.775,0.827,0.818,0.795,0.876,0.727,0.787,0.691,0.726,0.857,0.715,0.786,0.881,0.836,0.765,0.831,0.749,0.752,0.72,0.801,0.817,0.829,0.826,0.714,0.851,0.7,0.771,0.924,0.725,0.89,0.831,0.821,0.862,0.813,0.853,0.763,0.852,0.786,0.79,0.726,0.825,0.598,0.714,0.816,0.806,0.729,0.83,0.823,0.691,0.749,0.781,0.818,0.869,0.764,0,0.795,0.711,0.825,0.729,0.798,0.671,0.898,0.733,0.818,0.8,0.876
"TJP1",0.81,0.795,0.76,0.878,0.83,0.753,0.798,0.769,0.826,0.746,0.681,0.742,0.696,0.666,0.731,0.797,0.729,0.806,0.79,0.715,0.863,0.682,0.766,0.82,0.868,0.934,0.875,0.546,0.727,0.775,0.565,0.614,0.885,0.722,0.88,0.8,0.798,0.782,0.594,0.773,0.825,0.813,0.666,0.723,0.722,0.821,0.676,0.826,0.469,0.758,0.75,0.771,0.773,0.697,0.885,0.848,0.927,0.852,0.87,0.849,0.796,0.836,0.723,0.745,0.843,0.763,0.849,0.927,0.795,0,0.718,0.67,0.766,0.838,0.666,0.863,0.751,0.77,0.89,0.833
"ZDHHC2",0.828,0.842,0.738,0.845,0.806,0.763,0.789,0.725,0.718,0.695,0.698,0.837,0.746,0.768,0.668,0.729,0.752,0.806,0.759,0.751,0.772,0.763,0.784,0.786,0.382,0.858,0.86,0.696,0.765,0.781,0.819,0.769,0.804,0.712,0.752,0.847,0.844,0.782,0.787,0.7,0.789,0.867,0.717,0.738,0.827,0.762,0.833,0.839,0.783,0.681,0.853,0.806,0.777,0.682,0.817,0.748,0.741,0.887,0.807,0.777,0.792,0.834,0.762,0.826,0.814,0.748,0.792,0.824,0.711,0.718,0,0.853,0.771,0.826,0.768,0.813,0.7,0.817,0.829,0.884
"C17orf37",0.872,0.818,0.792,0.911,0.841,0.858,0.784,0.866,0.837,0.857,0.712,0.531,0.61,0.671,0.837,0.886,0.837,0.779,0.789,0.737,0.887,0.803,0.809,0.893,0.899,0.911,0.869,0.807,0.749,0.631,0.837,0.554,0.892,0.797,0.884,0.834,0.789,0.852,0.784,0.769,0.742,0.906,0.719,0.855,0.807,0.873,0.704,0.867,0.827,0.83,0.413,0.81,0.823,0.662,0.886,0.878,0.922,0.888,0.892,0.837,0.714,0.85,0.621,0.829,0.843,0.813,0.896,0.918,0.825,0.67,0.853,0,0.772,0.819,0.671,0.894,0.801,0.777,0.897,0.793
"MYEOV2",0.836,0.852,0.816,0.87,0.78,0.753,0.738,0.732,0.701,0.875,0.77,0.548,0.908,0.793,0.8,0.836,0.806,0.73,0.856,0.739,0.835,0.772,0.65,0.869,0.554,0.81,0.844,0.831,0.694,0.852,0.854,0.575,0.825,0.79,0.831,0.857,0.815,0.824,0.826,0.677,0.843,0.924,0.648,0.877,0.843,0.821,0.854,0.849,0.853,0.829,0.824,0.653,0.771,0.762,0.848,0.843,0.809,0.831,0.833,0.656,0.842,0.811,0.685,0.842,0.775,0.796,0.891,0.852,0.729,0.766,0.771,0.772,0,0.801,0.793,0.898,0.783,0.715,0.848,0.862
"FAM46C",0.824,0.506,0.852,0.859,0.771,0.794,0.771,0.745,0.752,0.897,0.797,0.799,0.922,0.743,0.794,0.739,0.775,0.815,0.825,0.825,0.864,0.698,0.753,0.689,0.899,0.503,0.847,0.781,0.749,0.89,0.877,0.775,0.854,0.837,0.823,0.886,0.863,0.725,0.865,0.798,0.839,0.773,0.678,0.903,0.8,0.753,0.81,0.737,0.883,0.859,0.805,0.778,0.824,0.857,0.894,0.779,0.838,0.874,0.708,0.78,0.698,0.629,0.725,0.874,0.743,0.653,0.919,0.793,0.798,0.838,0.826,0.819,0.801,0,0.743,0.917,0.819,0.554,0.854,0.893
"C20orf194",0.533,0,0.685,0.533,0.782,0.829,0.796,0.671,0.791,0.753,0.533,0.704,0.853,0,0.533,0.62,0.62,0.742,0.785,0.533,0.748,0.62,0.731,0.742,0.803,0.941,0.85,0.617,0.533,0.533,0.805,0.617,0.83,0.708,0.704,0.721,0.533,0.771,0.666,0.533,0.683,0.62,0.617,0.671,0,0.82,0.62,0.62,0.704,0.708,0.533,0.793,0.66,0.725,0.683,0.62,0.772,0.735,0.768,0.786,0.62,0.666,0.533,0.533,0.66,0.533,0.783,0.882,0.671,0.666,0.768,0.671,0.793,0.743,0,0.792,0.723,0.533,0.735,0.62
"MFSD4",0.913,0.792,0.61,0.913,0.923,0.956,0.872,0.898,0.897,0.819,0.762,0.922,0.96,0.792,0.71,0.935,0.853,0.872,0.708,0.842,0.929,0.898,0.898,0.883,0.967,0.981,0.949,0.809,0.788,0.779,0.902,0.809,0.934,0.708,0.923,0.924,0.788,0.942,0.863,0.788,0.912,0.937,0.85,0.708,0.792,0.943,0.853,0.853,0.922,0.71,0.894,0.898,0.85,0.506,0.891,0.853,0.965,0.949,0.919,0.918,0.894,0.863,0.788,0.788,0.927,0.875,0.726,0.963,0.898,0.863,0.813,0.894,0.898,0.917,0.792,0,0.929,0.788,0.949,0.916
"HBXIP",0.739,0.834,0.771,0.86,0.679,0.799,0.701,0.664,0.66,0.78,0.677,0.801,0.801,0.723,0.659,0.719,0.613,0.681,0.864,0.692,0.839,0.755,0.666,0.767,0.84,0.839,0.771,0.82,0.689,0.839,0.732,0.786,0.791,0.714,0.833,0.882,0.846,0.794,0.829,0.667,0.785,0.906,0.615,0.827,0.821,0.558,0.839,0.768,0.643,0.793,0.707,0.675,0.634,0.741,0.838,0.797,0.858,0.783,0.758,0.678,0.731,0.782,0.663,0.826,0.707,0.749,0.883,0.759,0.733,0.751,0.7,0.801,0.783,0.819,0.723,0.929,0,0.787,0.692,0.862
"COBRA1",0.777,0.739,0.776,0.82,0.734,0.809,0.746,0.641,0.78,0.8,0.743,0.791,0.832,0.533,0.77,0.806,0.644,0.78,0.787,0.791,0.768,0.688,0.666,0.637,0.797,0.786,0.83,0.73,0.583,0.739,0.75,0.696,0.818,0.783,0.832,0.702,0.691,0.771,0.771,0.691,0.811,0.824,0.645,0.785,0.698,0.792,0.731,0.527,0.689,0.795,0.765,0.763,0.782,0.819,0.816,0.714,0.878,0.878,0.494,0.79,0.655,0.348,0.659,0.732,0.632,0.584,0.849,0.576,0.818,0.77,0.817,0.777,0.715,0.554,0.533,0.788,0.787,0,0.836,0.86
"MORG1",0.749,0.815,0.788,0.777,0.711,0.848,0.745,0.76,0.748,0.921,0.761,0.852,0.948,0.735,0.788,0.761,0.754,0.682,0.914,0.764,0.788,0.85,0.75,0.848,0.814,0.879,0.742,0.817,0.739,0.881,0.902,0.85,0.812,0.806,0.833,0.831,0.864,0.601,0.894,0.688,0.781,0.925,0.759,0.914,0.825,0.817,0.898,0.858,0.916,0.911,0.777,0.779,0.706,0.826,0.801,0.761,0.818,0.627,0.815,0.767,0.82,0.838,0.712,0.894,0.821,0.848,0.893,0.751,0.8,0.89,0.829,0.897,0.848,0.854,0.735,0.949,0.692,0.836,0,0.857
"C7orf63",0.791,0.79,0.863,0.906,0.854,0.901,0.843,0.852,0.859,0.867,0.814,0.872,0.578,0.62,0.826,0.838,0.839,0.77,0.861,0.848,0.914,0.859,0.796,0.891,0.941,0.949,0.859,0.843,0.815,0.883,0.808,0.772,0.906,0.846,0.872,0.91,0.87,0.904,0.865,0.853,0.895,0.843,0.798,0.87,0.778,0.911,0.801,0.819,0.844,0.879,0.849,0.861,0.861,0.859,0.873,0.902,0.934,0.84,0.902,0.889,0.87,0.881,0.838,0.842,0.872,0.817,0.917,0.944,0.876,0.833,0.884,0.793,0.862,0.893,0.62,0.916,0.862,0.86,0.857,0
