"","ESM1","INHBE","MIR654","ADNP2","CLDN1","UNC13C","VSTM1","ACOT8","PRNT"
"ESM1",0,0.197,0.197,0.533,0.457,0.597,0.197,0.573,0
"INHBE",0.197,0,0,0.675,0.665,0.714,0.306,0.699,0.197
"MIR654",0.197,0,0,0.617,0.531,0.64,0,0.62,0.197
"ADNP2",0.533,0.675,0.617,0,0.641,0.74,0.672,0.589,0.533
"CLDN1",0.457,0.665,0.531,0.641,0,0.506,0.39,0.716,0.457
"UNC13C",0.597,0.714,0.64,0.74,0.506,0,0.564,0.72,0.597
"VSTM1",0.197,0.306,0,0.672,0.39,0.564,0,0.691,0.197
"ACOT8",0.573,0.699,0.62,0.589,0.716,0.72,0.691,0,0.573
"PRNT",0,0.197,0.197,0.533,0.457,0.597,0.197,0.573,0
