"","ESM1","INHBE","MIR654","ADNP2","CLDN1","UNC13C","VSTM1","ACOT8"
"ESM1",0,0.452,0.821,0.734,0.811,0.844,0.686,0.915
"INHBE",0.452,0,0.782,0.808,0.674,0.553,0,0.843
"MIR654",0.821,0.782,0,0.406,0.809,0.877,0.782,0.833
"ADNP2",0.734,0.808,0.406,0,0.872,0.91,0.816,0.819
"CLDN1",0.811,0.674,0.809,0.872,0,0.809,0.804,0.896
"UNC13C",0.844,0.553,0.877,0.91,0.809,0,0.745,0.88
"VSTM1",0.686,0,0.782,0.816,0.804,0.745,0,0.878
"ACOT8",0.915,0.843,0.833,0.819,0.896,0.88,0.878,0
