"","ESM1","INHBE","MIR654","ADNP2","CLDN1","UNC13C","VSTM1","ACOT8"
"ESM1",0,0.56,0.762,0.446,0.339,0.482,0.526,0.694
"INHBE",0.56,0,0.913,0.689,0.63,0.736,0,0.835
"MIR654",0.762,0.913,0,0.536,0.762,0.829,0.913,0.762
"ADNP2",0.446,0.689,0.536,0,0.4,0.459,0.526,0.617
"CLDN1",0.339,0.63,0.762,0.4,0,0.5,0.526,0.648
"UNC13C",0.482,0.736,0.829,0.459,0.5,0,0.651,0.74
"VSTM1",0.526,0,0.913,0.526,0.526,0.651,0,0.526
"ACOT8",0.694,0.835,0.762,0.617,0.648,0.74,0.526,0
